1686630459163 0.6707585828078636 0
1686630459165 0.5840749777148093 0
1686630459166 0.5132637946930393 0
1686630459167 0.4544756934891918 0
1686630459169 0.40448835455285376 0
1686630459170 0.3649780816680517 0
1686630459171 0.33013706248963925 0
1686630459173 0.30372666898581085 0
1686630459174 0.28070083435497123 0
1686630459175 0.26199048611768283 0
1686630459176 0.24328814519526656 0
1686630459178 0.22708864745522883 0
1686630459180 0.21424343906947582 0
1686630459182 0.20476044876388225 0
1686630459183 0.19507678286981292 0
1686630459184 0.1871937582393073 0
1686630459186 0.1796702486371331 0
1686630459187 0.1739238624733754 0
1686630459188 0.16937736774572584 0
1686630459189 0.16495148402808618 0
1686630459191 0.16112083620829526 0
1686630459192 0.15764070731765206 0
1686630459193 0.15475958729182576 0
1686630459194 0.15188501555003753 0
1686630459196 0.14931209324239084 0
1686630459197 0.14684356758535175 0
1686630459198 0.1449102391281787 0
1686630459200 0.1430406729695621 0
1686630459201 0.14144944387873687 0
1686630459203 0.1400029468879721 0
1686630459204 0.13872961161555983 0
1686630459205 0.13758934172479453 0
1686630459207 0.13651958004828427 0
1686630459208 0.13564344654393318 0
1686630459209 0.13485202839132465 0
1686630459210 0.1337418088971785 0
1686630459212 0.13310897004067168 0
1686630459213 0.13244594129041204 0
1686630459214 0.131869445648965 0
1686630459216 0.1313064135108359 0
1686630459217 0.1306644970352276 0
1686630459218 0.1300999875708292 0
1686630459219 0.1295610322263752 0
1686630459221 0.1290533690611461 0
1686630459222 0.1285359304836376 0
1686630459223 0.12794294922245197 0
1686630459224 0.12761220159104225 0
1686630459226 0.12706406494536535 0
1686630459227 0.12651323137148676 0
1686630459228 0.1262782870621009 0
1686630459230 0.1258250778935415 0
1686630459232 0.1253733158175744 0
1686630459233 0.12518885376370717 0
1686630459234 0.12497918990914202 0
1686630459235 0.12460216884374334 0
1686630459237 0.12302757082030484 0
1686630459238 0.12287613648072306 0
1686630459239 0.1224888831190182 0
1686630459240 0.12154677139214103 0
1686630459242 0.12141054146832897 0
1686630459243 0.1210951500970931 0
1686630459244 0.12098140176622256 0
1686630459245 0.12062003971744677 0
1686630459246 0.12047994981302004 0
1686630459248 0.12029632881682406 0
1686630459249 0.12019286460340804 0
1686630459250 0.11994005892629618 0
1686630459252 0.11958044995292053 0
1686630459253 0.11949126148670433 0
1686630459254 0.11875338420458575 0
1686630459255 0.11833558590261492 0
1686630459258 0.11786610710505332 0
1686630459259 0.11777976845804389 0
1686630459260 0.11769901713410315 0
1686630459262 0.11754842886845913 0
1686630459264 0.11704700258173031 0
1686630459265 0.116901074432105 0
1686630459266 0.11634678098730865 0
1686630459267 0.11624291750925492 0
1686630459268 0.11585723960676501 0
1686630459268 0.11560176868034819 0
1686630459269 0.1150464753548247 0
1686630459270 0.11467935807655714 0
1686630459271 0.11435611264724702 0
1686630459271 0.11398404723338702 0
1686630459272 0.11351434317110087 0
1686630459273 0.11324424372426395 0
1686630459274 0.11296570708138234 0
1686630459274 0.11268103889944017 0
1686630459275 0.11258182447225082 0
1686630459276 0.11204853079766051 0
1686630459277 0.11176777765770685 0
1686630459277 0.11154512097941328 0
1686630459278 0.11135099436830981 0
1686630459279 0.11132055929008607 0
1686630459279 0.11114237876994265 0
1686630459280 0.11085180388387396 0
1686630459281 0.11047209775084829 0
1686630459282 0.11023389199888498 0
1686630459282 0.10961221954447552 0
