1686630418736 0.716154265340383 0
1686630418737 0.6642960315698233 0
1686630418738 0.6163638515233242 0
1686630418738 0.5737667982246264 0
1686630418739 0.5348802737228012 0
1686630418740 0.4994866530216219 0
1686630418741 0.46700444652788703 0
1686630418742 0.43803239023377477 0
1686630418742 0.41150702776949677 0
1686630418743 0.38751916259498115 0
1686630418744 0.36480254935109996 0
1686630418745 0.34497136330958833 0
1686630418745 0.3264798582083612 0
1686630418746 0.3096484039594348 0
1686630418747 0.29459962473325413 0
1686630418748 0.2805525196951192 0
1686630418748 0.2682264721708221 0
1686630418749 0.2564904198607632 0
1686630418750 0.24571288926760387 0
1686630418750 0.23575511132631596 0
1686630418751 0.2269003099254523 0
1686630418752 0.21856913967548755 0
1686630418753 0.21047277099177877 0
1686630418753 0.20370312927668305 0
1686630418754 0.19725325623437845 0
1686630418755 0.19110715991467986 0
1686630418756 0.18557719908059342 0
1686630418756 0.1805316711033411 0
1686630418757 0.17579803340103872 0
1686630418758 0.1714908051544608 0
1686630418759 0.1675335647724647 0
1686630418759 0.16384568843998956 0
1686630418760 0.16077529756157427 0
1686630418761 0.15769079215148019 0
1686630418761 0.1549658317619912 0
1686630418762 0.15193206026358433 0
1686630418763 0.14919699542209294 0
1686630418763 0.1468778179215553 0
1686630418764 0.14490721921710517 0
1686630418765 0.1427955181787536 0
1686630418766 0.14060955098753677 0
1686630418766 0.13887641294793415 0
1686630418767 0.13716660143171167 0
1686630418768 0.1354775058435749 0
1686630418768 0.1340036314709678 0
1686630418769 0.13265393033836112 0
1686630418770 0.1313116923914281 0
1686630418771 0.13013418364213047 0
1686630418772 0.12900380429298353 0
1686630418772 0.1277806330079732 0
1686630418773 0.12674163334875704 0
1686630418774 0.1257356775049505 0
1686630418775 0.12485038327751599 0
1686630418776 0.12368726211380239 0
1686630418778 0.12274785951526043 0
1686630418779 0.12195558907448216 0
1686630418780 0.12121365418001105 0
1686630418782 0.12048704643994707 0
1686630418784 0.11980478745802127 0
1686630418785 0.11889285552761322 0
1686630418787 0.11828138775928194 0
1686630418789 0.11771145521410986 0
1686630418794 0.11717153659213532 0
1686630418796 0.11661608788437898 0
1686630418797 0.11610708264774983 0
1686630418798 0.11563093893103572 0
1686630418800 0.11517214166457491 0
1686630418800 0.11462651434329402 0
1686630418801 0.11421395063894918 0
1686630418802 0.11379228580983204 0
1686630418803 0.11328596957014261 0
1686630418804 0.11280377205500677 0
1686630418805 0.11241157450949898 0
1686630418806 0.1120462303503699 0
1686630418807 0.1116674608344253 0
1686630418808 0.11130650691781246 0
1686630418808 0.11074426881937513 0
1686630418809 0.11020522070418917 0
1686630418810 0.10996823283339476 0
1686630418811 0.10967721250644709 0
1686630418812 0.10929177586743354 0
1686630418813 0.10900900225163461 0
1686630418814 0.10878971799697755 0
1686630418814 0.10838273464429267 0
1686630418815 0.10798842274735136 0
1686630418816 0.10774567051089128 0
1686630418817 0.10723068598886361 0
1686630418817 0.10696148520895335 0
1686630418818 0.10663051583275261 0
1686630418819 0.10631153888027096 0
1686630418819 0.10603608711732314 0
1686630418820 0.10566653585549973 0
1686630418821 0.10544990263987575 0
1686630418821 0.10514602696891585 0
1686630418822 0.10490773932429735 0
1686630418823 0.1047302652026766 0
1686630418824 0.10446818689575302 0
1686630418824 0.1042661124711831 0
1686630418825 0.10397445120119908 0
1686630418826 0.10366867461111962 0
