1686630387833 0.721521865775926 0
1686630387834 0.6782386335922721 0
1686630387834 0.6349235655017794 0
1686630387835 0.5980331299963633 0
1686630387836 0.5646557094323995 0
1686630387837 0.5345247875408415 0
1686630387837 0.507301189643987 0
1686630387838 0.48290641592734523 0
1686630387839 0.45871187119555 0
1686630387840 0.4351021177533988 0
1686630387840 0.4128417869224707 0
1686630387841 0.39462615574854715 0
1686630387842 0.3784977920757088 0
1686630387842 0.36175346873473196 0
1686630387843 0.3458264126149055 0
1686630387844 0.33245529703178917 0
1686630387844 0.32035936458505165 0
1686630387845 0.3077749404992782 0
1686630387846 0.29765259602339206 0
1686630387847 0.2871167399281683 0
1686630387847 0.27868583040750233 0
1686630387848 0.2699255664138701 0
1686630387849 0.26248173917687684 0
1686630387850 0.25513980959662474 0
1686630387850 0.24810208131111397 0
1686630387851 0.24120731753409902 0
1686630387852 0.2358936081833896 0
1686630387853 0.23066310464808942 0
1686630387854 0.22516403180229214 0
1686630387854 0.22012948826785614 0
1686630387855 0.21550143086850856 0
1686630387856 0.2111972165137702 0
1686630387856 0.2077396290027561 0
1686630387857 0.2041426557120934 0
1686630387858 0.20037881522540574 0
1686630387859 0.19696722409083245 0
1686630387860 0.1940987833920744 0
1686630387861 0.19111584297540163 0
1686630387861 0.18842983184442996 0
1686630387862 0.1860045841115339 0
1686630387863 0.18357943770249455 0
1686630387864 0.18146174958527397 0
1686630387864 0.1795421406326511 0
1686630387865 0.17742134658179368 0
1686630387866 0.17548283908228018 0
1686630387866 0.17376258728416988 0
1686630387867 0.1720808448910607 0
1686630387868 0.1704276319147991 0
1686630387869 0.16888547407744467 0
1686630387869 0.16744719002227643 0
1686630387870 0.16613069857400997 0
1686630387871 0.16491627893773222 0
1686630387871 0.16369499412026556 0
1686630387872 0.16262315384190523 0
1686630387873 0.16153496937356182 0
1686630387873 0.1604007033319769 0
1686630387874 0.15946458436446664 0
1686630387875 0.1584893919342587 0
1686630387876 0.15759438636228187 0
1686630387876 0.15666926744253945 0
1686630387877 0.15596173901970609 0
1686630387878 0.15520360031977593 0
1686630387879 0.15453278231363196 0
1686630387879 0.1538486036573141 0
1686630387880 0.15322679828434213 0
1686630387881 0.15263742685948054 0
1686630387882 0.15208780544174366 0
1686630387882 0.1514902235561105 0
1686630387883 0.15089273790554378 0
1686630387884 0.15029426330380355 0
1686630387884 0.1498683616468375 0
1686630387885 0.1493696528343002 0
1686630387886 0.1488796973012026 0
1686630387886 0.1484877587252221 0
1686630387887 0.14804952629461396 0
1686630387888 0.14767700100642256 0
1686630387889 0.14733707133658025 0
1686630387889 0.14696007249695742 0
1686630387890 0.14658378974998584 0
1686630387891 0.14600591427778925 0
1686630387891 0.1457241453623895 0
1686630387892 0.1453398470032096 0
1686630387893 0.14497877423721 0
1686630387894 0.14468223499064573 0
1686630387894 0.14436283734847852 0
1686630387895 0.14398540975055762 0
1686630387896 0.14364694577137013 0
1686630387896 0.1434090294097092 0
1686630387897 0.1430818952437231 0
1686630387898 0.1427826865296222 0
1686630387898 0.14254862743617125 0
1686630387899 0.14235272148156258 0
1686630387900 0.14217756114244398 0
1686630387901 0.14191857285263176 0
1686630387901 0.14173725683037075 0
1686630387902 0.1415402510333819 0
1686630387903 0.14137038927516832 0
1686630387904 0.14121379794672656 0
1686630387905 0.14102635923078713 0
1686630387905 0.14086957268423744 0
