1686630462791 0.6602174621412694 0
1686630462792 0.5681809388971892 0
1686630462792 0.4926496819303026 0
1686630462793 0.4312047125401388 0
1686630462794 0.3805313510694318 0
1686630462795 0.33893418835976524 0
1686630462796 0.304505194424696 0
1686630462796 0.2750705967086677 0
1686630462797 0.25085746993380953 0
1686630462798 0.23138768171571225 0
1686630462799 0.21415716848014807 0
1686630462799 0.19986363225312204 0
1686630462800 0.18828322363131206 0
1686630462801 0.1775705411470064 0
1686630462802 0.1689873600081956 0
1686630462802 0.16116392895804899 0
1686630462803 0.15514256888737366 0
1686630462804 0.1493565297820188 0
1686630462805 0.14496879136408028 0
1686630462805 0.14108418099384867 0
1686630462806 0.13734460315163738 0
1686630462807 0.1342512789535909 0
1686630462808 0.13077950446010903 0
1686630462808 0.127972120013041 0
1686630462809 0.1258073461980323 0
1686630462810 0.12312712130523316 0
1686630462811 0.12131028489995173 0
1686630462811 0.11963001114862598 0
1686630462812 0.11823252416134937 0
1686630462813 0.11644590568904903 0
1686630462814 0.11519349461347948 0
1686630462814 0.11386645620523178 0
1686630462815 0.11299637813230043 0
1686630462816 0.11203931223857314 0
1686630462817 0.11076124939966409 0
1686630462817 0.1098393673034008 0
1686630462818 0.10900141989518157 0
1686630462819 0.10814147935323362 0
1686630462820 0.10722201897477515 0
1686630462820 0.10649913982128972 0
1686630462821 0.1060337928064102 0
1686630462822 0.10546452348514486 0
1686630462822 0.10490667796076578 0
1686630462823 0.10426222308364727 0
1686630462824 0.10378931535803657 0
1686630462825 0.10337391338419784 0
1686630462825 0.10280646160121905 0
1686630462826 0.10225554909217853 0
1686630462827 0.10168444299757128 0
1686630462828 0.10106029009955167 0
1686630462828 0.10042818108274909 0
1686630462829 0.10006689572970887 0
1686630462830 0.09995545773809207 0
1686630462831 0.09956084807246364 0
1686630462831 0.09923082727967758 0
1686630462832 0.09914662898572679 0
1686630462833 0.09868264951435375 0
1686630462834 0.09795000494180571 0
1686630462834 0.09788530034504989 0
1686630462835 0.09759483426767541 0
1686630462836 0.09753406124128089 0
1686630462837 0.09698386994306774 0
1686630462837 0.09654609134192599 0
1686630462838 0.09614971458467261 0
1686630462839 0.09602929373621948 0
1686630462839 0.09598234520945546 0
1686630462840 0.09554354714345067 0
1686630462841 0.09545687079030636 0
1686630462842 0.09529128235599335 0
1686630462843 0.09521309902822296 0
1686630462843 0.09513209765610023 0
1686630462844 0.09457746925788427 0
1686630462845 0.09450611822536079 0
1686630462846 0.0944329158427379 0
1686630462846 0.09393903524267791 0
1686630462847 0.09384514452674793 0
1686630462848 0.09352765736730201 0
1686630462848 0.0931464698702975 0
1686630462849 0.0927671304158621 0
1686630462850 0.09264266232452338 0
1686630462851 0.09214408033604231 0
1686630462851 0.09172115856583718 0
1686630462852 0.0915777071322088 0
1686630462853 0.09146434286632112 0
1686630462854 0.0913965040153497 0
1686630462854 0.09100928224261236 0
1686630462855 0.09080469118529524 0
1686630462856 0.0901907003026148 0
1686630462857 0.08986525332817012 0
1686630462858 0.08956890810228446 0
1686630462859 0.08955314605423163 0
1686630462859 0.08930380594370728 0
1686630462860 0.08878134987220135 0
1686630462861 0.08848196214045366 0
1686630462862 0.08795167774715525 0
1686630462863 0.08756327017919892 0
1686630462864 0.0870631128364141 0
1686630462864 0.08679767439138412 0
1686630462865 0.08641009444922657 0
1686630462866 0.0863934964719439 0
