1686630449686 0.6681254293074101 0
1686630449687 0.5819934042816176 0
1686630449688 0.5113281118029867 0
1686630449689 0.4524959581695429 0
1686630449689 0.4029895521726422 0
1686630449690 0.3615784854904874 0
1686630449691 0.3269685728117489 0
1686630449692 0.29783893054812155 0
1686630449692 0.2734073047763882 0
1686630449693 0.2532396923467131 0
1686630449694 0.23687273245775145 0
1686630449695 0.22299220552910473 0
1686630449695 0.20980350021014094 0
1686630449696 0.19972579002028282 0
1686630449697 0.19045146743313687 0
1686630449698 0.18302287747823168 0
1686630449698 0.1761518743006038 0
1686630449699 0.1707579278493937 0
1686630449700 0.16579546567774123 0
1686630449701 0.16097217268854097 0
1686630449701 0.15694938861565186 0
1686630449702 0.1535746647854585 0
1686630449703 0.15047750425579742 0
1686630449704 0.14734811055132505 0
1686630449704 0.14503074573664756 0
1686630449705 0.14285182858924594 0
1686630449706 0.1408914408736854 0
1686630449707 0.13928338184182965 0
1686630449707 0.13773290079393266 0
1686630449708 0.13656548485013706 0
1686630449709 0.13540614644967264 0
1686630449709 0.13410297297151014 0
1686630449710 0.1330335318608792 0
1686630449711 0.13212108362566413 0
1686630449712 0.13131556176376027 0
1686630449712 0.130485166738732 0
1686630449713 0.1298397230420976 0
1686630449714 0.12894521814360524 0
1686630449715 0.12824930373871485 0
1686630449715 0.12759460387205113 0
1686630449716 0.12711216492873417 0
1686630449717 0.12639925812922692 0
1686630449718 0.125976217567055 0
1686630449718 0.12565187938979136 0
1686630449719 0.12500218002735144 0
1686630449720 0.1240309616629144 0
1686630449721 0.12332842134397146 0
1686630449721 0.12311160758770631 0
1686630449722 0.12254688873287967 0
1686630449723 0.12184778399920647 0
1686630449724 0.12133345247451957 0
1686630449724 0.12107378029760203 0
1686630449725 0.12044822642641496 0
1686630449726 0.12023574204477026 0
1686630449726 0.1199651727981842 0
1686630449727 0.1195090617800456 0
1686630449728 0.11908128340030658 0
1686630449729 0.11893926858563603 0
1686630449729 0.11842136378426935 0
1686630449730 0.11796640403649435 0
1686630449731 0.11762573346110411 0
1686630449732 0.11752478660787789 0
1686630449732 0.11716267820317056 0
1686630449733 0.11705009248240246 0
1686630449734 0.11692837274916265 0
1686630449735 0.1166843984757391 0
1686630449736 0.11629544301827918 0
1686630449736 0.11588434473056193 0
1686630449737 0.11543260435338107 0
1686630449738 0.11514577573640686 0
1686630449739 0.11489712190332364 0
1686630449739 0.11453782309610598 0
1686630449740 0.1144523493850287 0
1686630449741 0.11403792003413829 0
1686630449742 0.11367552025059825 0
1686630449742 0.11345930224959551 0
1686630449743 0.1130203854000549 0
1686630449744 0.11293105105421228 0
1686630449744 0.11260086855330263 0
1686630449745 0.11245428880456425 0
1686630449746 0.11210977244580161 0
1686630449747 0.11158210555966833 0
1686630449747 0.11095417758202995 0
1686630449748 0.11076173549742734 0
1686630449749 0.11048605965164568 0
1686630449750 0.11032470488657349 0
1686630449750 0.11006265658153123 0
1686630449751 0.10959529619233167 0
1686630449752 0.10928316587947137 0
1686630449753 0.1090376105998179 0
1686630449753 0.10899868692112415 0
1686630449754 0.10854565855535413 0
1686630449755 0.10837341763198524 0
1686630449756 0.10834148239613048 0
1686630449756 0.10811464639667553 0
1686630449757 0.1079730563027211 0
1686630449758 0.10770716496927443 0
1686630449759 0.10753589098384142 0
1686630449760 0.10727750682812041 0
1686630449760 0.10694632608533534 0
