1686630339018 0.7627210692381488 0
1686630339019 0.7519143771141098 0
1686630339019 0.7412903287042288 0
1686630339021 0.7308917358240159 0
1686630339021 0.7204377426136679 0
1686630339022 0.7104344931620473 0
1686630339024 0.7004943757263173 0
1686630339025 0.6908352897317169 0
1686630339026 0.6813661881761988 0
1686630339028 0.6720004372122054 0
1686630339029 0.6629159940208489 0
1686630339030 0.6539846103434623 0
1686630339031 0.6453589769274494 0
1686630339032 0.6367701808689011 0
1686630339033 0.6283572813948394 0
1686630339034 0.6197600798473896 0
1686630339035 0.6115949172378412 0
1686630339036 0.6033559885223603 0
1686630339037 0.5955354315425141 0
1686630339038 0.5878660810202321 0
1686630339038 0.5803473929563913 0
1686630339039 0.5729469189877558 0
1686630339040 0.5656976918011425 0
1686630339041 0.5585069664157113 0
1686630339042 0.551568760684851 0
1686630339043 0.5447307175218685 0
1686630339043 0.5380204282012694 0
1686630339044 0.5314408270128914 0
1686630339045 0.5250470171761776 0
1686630339046 0.5187149656824045 0
1686630339047 0.5124120447587494 0
1686630339048 0.5063274155745764 0
1686630339049 0.500135603417739 0
1686630339050 0.49434337206229256 0
1686630339050 0.48864490825949713 0
1686630339052 0.4829629226942794 0
1686630339053 0.47706801654898434 0
1686630339054 0.4714066209150972 0
1686630339055 0.4659935886398627 0
1686630339056 0.460701603419259 0
1686630339057 0.45527566208339393 0
1686630339058 0.45024155280817824 0
1686630339060 0.44516012412007927 0
1686630339060 0.4401381579489681 0
1686630339061 0.43524723986905783 0
1686630339062 0.43037768224793477 0
1686630339063 0.42559909980710575 0
1686630339064 0.42080610905334004 0
1686630339065 0.41630146767697973 0
1686630339066 0.4118156464609027 0
1686630339067 0.4074381795517727 0
1686630339069 0.403086817727585 0
1686630339070 0.398757560465365 0
1686630339071 0.3945182098578541 0
1686630339072 0.3903371802610579 0
1686630339073 0.3861714951697547 0
1686630339074 0.38224163322200155 0
1686630339076 0.3782723642599666 0
1686630339076 0.3743412219309466 0
1686630339077 0.3705493904137722 0
1686630339078 0.3669304001021382 0
1686630339079 0.3633213300471095 0
1686630339079 0.3597312584661423 0
1686630339080 0.3562994499725207 0
1686630339081 0.3528321036489566 0
1686630339081 0.34944330854790867 0
1686630339082 0.3460362620647879 0
1686630339083 0.34285981621627726 0
1686630339084 0.33957160171409656 0
1686630339086 0.33654885325438083 0
1686630339087 0.3334740219996976 0
1686630339088 0.33032986143844084 0
1686630339089 0.32731843435935143 0
1686630339090 0.32428066270302797 0
1686630339091 0.32140417588021086 0
1686630339092 0.3185599800136645 0
1686630339093 0.3157628004708351 0
1686630339098 0.31301542481955064 0
1686630339099 0.3102022812973148 0
1686630339100 0.30756147629919106 0
1686630339101 0.30485399309866595 0
1686630339103 0.3022384117417156 0
1686630339104 0.2996338203857464 0
1686630339105 0.2971408867395072 0
1686630339106 0.2947846361261151 0
1686630339108 0.29237494571295164 0
1686630339109 0.28995000901526946 0
1686630339110 0.2876707073241707 0
1686630339111 0.28536138762748947 0
1686630339112 0.283130485325161 0
1686630339113 0.2810439734240063 0
1686630339114 0.27883979470656395 0
1686630339116 0.27662931867745877 0
1686630339117 0.27446413089660987 0
1686630339117 0.27232467043493314 0
1686630339118 0.27031052747397477 0
1686630339119 0.26823314636959494 0
1686630339121 0.26629974194544903 0
1686630339122 0.2644118773303077 0
1686630339123 0.26247061469095717 0
