1686630446316 0.679513759667669 0
1686630446317 0.5954347245519362 0
1686630446319 0.5306090114721024 0
1686630446320 0.47809984280106976 0
1686630446321 0.4270113172046516 0
1686630446323 0.3908539096469302 0
1686630446323 0.3601749821120639 0
1686630446324 0.3299460623458759 0
1686630446325 0.30471412377352514 0
1686630446326 0.2849472998501701 0
1686630446326 0.26681064238526125 0
1686630446327 0.253692234316549 0
1686630446328 0.2404297303101377 0
1686630446329 0.22989654931277217 0
1686630446329 0.2197146254464743 0
1686630446330 0.211527961763329 0
1686630446331 0.2045919155689903 0
1686630446331 0.19808536114970718 0
1686630446332 0.19202809305146676 0
1686630446333 0.18674169811641525 0
1686630446334 0.18196919327876165 0
1686630446335 0.17811853961210403 0
1686630446336 0.17450415580723058 0
1686630446336 0.17085023597880897 0
1686630446337 0.1682913801865884 0
1686630446338 0.16532920373340393 0
1686630446339 0.1629285986168291 0
1686630446339 0.16076193537069047 0
1686630446340 0.15916145818265798 0
1686630446341 0.15737429890021798 0
1686630446341 0.15602561999515271 0
1686630446342 0.15458507348366468 0
1686630446343 0.15298881698856903 0
1686630446344 0.151926664653592 0
1686630446344 0.15098596593659033 0
1686630446345 0.15008091381975874 0
1686630446346 0.14910988735858605 0
1686630446347 0.1483820038238414 0
1686630446347 0.14750019120140262 0
1686630446348 0.1468660442744582 0
1686630446349 0.14602283444063735 0
1686630446350 0.145452563290351 0
1686630446350 0.14497063036134714 0
1686630446351 0.14455576378289023 0
1686630446352 0.14390316496408925 0
1686630446352 0.14327966075474022 0
1686630446353 0.14270012413495337 0
1686630446354 0.14241687757168428 0
1686630446355 0.14178808266095327 0
1686630446355 0.1412994949727475 0
1686630446356 0.140601025897736 0
1686630446357 0.14033880096145782 0
1686630446358 0.14006817505675342 0
1686630446358 0.13982217859372656 0
1686630446359 0.13944598714556217 0
1686630446360 0.13895512171722843 0
1686630446361 0.13850953565904855 0
1686630446361 0.1383156481912088 0
1686630446362 0.1379788271047665 0
1686630446363 0.13720999283262555 0
1686630446364 0.13707885960953273 0
1686630446364 0.13667615629802668 0
1686630446365 0.1365192230928582 0
1686630446366 0.13612188973339587 0
1686630446366 0.13591549170058267 0
1686630446367 0.1356949602138598 0
1686630446368 0.1355996727902524 0
1686630446369 0.13540816231180425 0
1686630446369 0.13524280947956893 0
1686630446370 0.13473807735346408 0
1686630446371 0.13451910077314613 0
1686630446372 0.134184807191061 0
1686630446372 0.13405250342504224 0
1686630446373 0.13394189222653677 0
1686630446374 0.13384366763560768 0
1686630446375 0.1335953705064367 0
1686630446375 0.13336061822098655 0
1686630446376 0.13317617375775198 0
1686630446377 0.13283648433576686 0
1686630446377 0.13272977026337934 0
1686630446378 0.1323811028833354 0
1686630446379 0.1320969176261044 0
1686630446380 0.13198537297669488 0
1686630446380 0.13179710926948876 0
1686630446381 0.1315362605146629 0
1686630446382 0.13144931367891635 0
1686630446383 0.13113843236760794 0
1686630446384 0.1310377199250341 0
1686630446385 0.13068503750243396 0
1686630446385 0.13047326580476779 0
1686630446386 0.1302343092399432 0
1686630446387 0.12991582903293925 0
1686630446388 0.1297536617979333 0
1686630446388 0.12969382185022754 0
1686630446389 0.1295587881040465 0
1686630446390 0.12951685187604342 0
1686630446391 0.1293211091116198 0
1686630446391 0.12907535770032572 0
1686630446392 0.12884090674062929 0
1686630446393 0.1287328435704374 0
