1686630423235 0.712853934026752 0
1686630423236 0.6578908631792313 0
1686630423237 0.6082339140605781 0
1686630423238 0.5634668923268928 0
1686630423238 0.5229275710471692 0
1686630423239 0.4861028874112896 0
1686630423240 0.4526803199410159 0
1686630423241 0.4221933117197419 0
1686630423241 0.39491017697471276 0
1686630423242 0.3698233273103167 0
1686630423243 0.3471589692223738 0
1686630423243 0.3266733142465849 0
1686630423244 0.3079957349426016 0
1686630423245 0.29112067511746215 0
1686630423246 0.2757420554499735 0
1686630423246 0.2614834608693278 0
1686630423247 0.24819952280729307 0
1686630423248 0.23641990202407076 0
1686630423249 0.22539516120519124 0
1686630423249 0.21538971573089075 0
1686630423250 0.20634250884140046 0
1686630423251 0.19789798022622987 0
1686630423252 0.19020342166624976 0
1686630423252 0.1833894479243232 0
1686630423253 0.17698876093446522 0
1686630423254 0.17121575211485462 0
1686630423255 0.16586745657104185 0
1686630423255 0.1610260833854646 0
1686630423257 0.1565284630503161 0
1686630423258 0.15180002450676158 0
1686630423259 0.14787946857869536 0
1686630423260 0.1441541649000532 0
1686630423261 0.14060432187734206 0
1686630423261 0.13734422777689742 0
1686630423262 0.13444536225332496 0
1686630423263 0.13188032515504516 0
1686630423264 0.1291766406662511 0
1686630423264 0.12677019179855353 0
1686630423265 0.12443251697962757 0
1686630423266 0.12244156327395195 0
1686630423267 0.12045170609084598 0
1686630423267 0.11873971066983904 0
1686630423268 0.1170655458518716 0
1686630423269 0.11553702717896944 0
1686630423270 0.114175867780772 0
1686630423270 0.11255289560268354 0
1686630423271 0.11110241529243312 0
1686630423272 0.10994742202268729 0
1686630423272 0.1086017533691105 0
1686630423273 0.10737239504003387 0
1686630423274 0.10627181326300529 0
1686630423275 0.10538083810378968 0
1686630423275 0.1044091503099169 0
1686630423276 0.1036108644300669 0
1686630423277 0.1027821082703069 0
1686630423278 0.10209838976894321 0
1686630423278 0.10126907551365207 0
1686630423279 0.10027834899128778 0
1686630423280 0.09964844282550789 0
1686630423280 0.09889582242456237 0
1686630423281 0.09824909723687236 0
1686630423282 0.09744511304699968 0
1686630423283 0.0966308663327199 0
1686630423283 0.09590843343474292 0
1686630423284 0.09524588076434048 0
1686630423285 0.09459276220850033 0
1686630423285 0.09406866171773799 0
1686630423286 0.09349513791373096 0
1686630423287 0.09296016260785708 0
1686630423288 0.09243944573549176 0
1686630423288 0.09206437645422645 0
1686630423289 0.09164546091758474 0
1686630423290 0.09116471096277877 0
1686630423291 0.09080105792462123 0
1686630423291 0.09045103909056015 0
1686630423292 0.09000428439558485 0
1686630423293 0.08969246535190634 0
1686630423293 0.08928464775579154 0
1686630423294 0.08893692066897652 0
1686630423295 0.08860450927618445 0
1686630423296 0.08810557674291794 0
1686630423296 0.08775838978777135 0
1686630423297 0.08748015439080041 0
1686630423298 0.08699553700336145 0
1686630423299 0.0865684005004414 0
1686630423299 0.08619877084783327 0
1686630423300 0.0859788893468895 0
1686630423301 0.08555334153430377 0
1686630423302 0.08516993587477259 0
1686630423302 0.084822628766116 0
1686630423303 0.08460735322529858 0
1686630423304 0.08424577807575873 0
1686630423305 0.08381193419763863 0
1686630423306 0.08360446129124295 0
1686630423306 0.08326837218735224 0
1686630423307 0.0830021525942711 0
1686630423308 0.08281933900329554 0
1686630423308 0.08243897377494974 0
1686630423309 0.0822274248676073 0
1686630423310 0.08197388488741768 0
