1686630258750 0.7638570279622009 0
1686630258751 0.7541238648510138 0
1686630258752 0.7445843916857398 0
1686630258753 0.7352347540364548 0
1686630258755 0.7260711741763901 0
1686630258756 0.7170899495555403 0
1686630258757 0.7082874513046458 0
1686630258759 0.6996598236470337 0
1686630258760 0.6911995442332658 0
1686630258761 0.6829073558764416 0
1686630258762 0.6747759512062945 0
1686630258764 0.6668061222449901 0
1686630258765 0.6589876916624328 0
1686630258766 0.6513233459114522 0
1686630258767 0.6438044949920992 0
1686630258769 0.6364338289575151 0
1686630258771 0.6292029846807189 0
1686630258772 0.6221146535083737 0
1686630258773 0.6151606924808369 0
1686630258775 0.6083424596443199 0
1686630258776 0.6016539947421843 0
1686630258777 0.5950961888714195 0
1686630258779 0.5886631149604593 0
1686630258780 0.5823551714161406 0
1686630258781 0.5761670714951387 0
1686630258782 0.5700960604465629 0
1686630258784 0.5641409878567194 0
1686630258785 0.5582995000393447 0
1686630258787 0.5514823981245621 0
1686630258788 0.5458001108535777 0
1686630258789 0.539998502983196 0
1686630258791 0.5335260460024899 0
1686630258792 0.5278848409323081 0
1686630258793 0.5223931213238476 0
1686630258794 0.5172390835375945 0
1686630258796 0.51118166470433 0
1686630258797 0.5052446131698404 0
1686630258802 0.4999560176361622 0
1686630258804 0.4950650380458514 0
1686630258805 0.49012091406210134 0
1686630258807 0.4851043259309154 0
1686630258812 0.47962929684496225 0
1686630258813 0.47510573705803844 0
1686630258814 0.47046671467683415 0
1686630258816 0.46593294121632545 0
1686630258817 0.46080041066681743 0
1686630258818 0.45657355300299673 0
1686630258820 0.4516116608157105 0
1686630258821 0.4472147142253872 0
1686630258823 0.44306018342131603 0
1686630258824 0.4383334071292148 0
1686630258825 0.43369986476197975 0
1686630258827 0.42974586795465813 0
1686630258828 0.4254028287274806 0
1686630258829 0.4215548424491677 0
1686630258831 0.4173828358322414 0
1686630258832 0.413651280171599 0
1686630258833 0.40962100359157966 0
1686630258835 0.4060270350808132 0
1686630258836 0.4021321110760863 0
1686630258837 0.39876020279644664 0
1686630258838 0.3948180768161987 0
1686630258840 0.39133732147454703 0
1686630258841 0.3876928718152012 0
1686630258842 0.38453990550465755 0
1686630258848 0.38099031552587825 0
1686630258849 0.3778400309298384 0
1686630258858 0.3744331790814408 0
1686630258860 0.37137056956305886 0
1686630258862 0.3680509130573359 0
1686630258866 0.36479414673952404 0
1686630258867 0.36189597440332116 0
1686630258871 0.35913528011553036 0
1686630258874 0.35588569841929985 0
1686630258875 0.35266476943761865 0
1686630258877 0.3499245899485704 0
1686630258879 0.34699276107805843 0
1686630258885 0.34437800445364997 0
1686630258887 0.3415463268087336 0
1686630258888 0.33900246243973997 0
1686630258889 0.33626436271278787 0
1686630258890 0.33382358116349803 0
1686630258891 0.3311770887880865 0
1686630258892 0.32887133590661327 0
1686630258894 0.3261188343075715 0
1686630258895 0.3237844761386637 0
1686630258896 0.321120884907761 0
1686630258897 0.3185119775816944 0
1686630258907 0.3163867422661266 0
1686630258917 0.313857487507533 0
1686630258920 0.3113789544133198 0
1686630258922 0.3092470601007251 0
1686630258925 0.30684606767118644 0
1686630258927 0.30489103502414194 0
1686630258928 0.30256579888569596 0
1686630258929 0.3002954746977178 0
1686630258931 0.29828303379715587 0
1686630258937 0.29620320354654767 0
1686630258941 0.2943651687162469 0
1686630258944 0.2923521149003002 0
