1686630381684 0.7251319538912991 0
1686630381685 0.6812200404051347 0
1686630381686 0.641517254664636 0
1686630381687 0.6055662183379525 0
1686630381689 0.5730373767017102 0
1686630381690 0.5435347900454752 0
1686630381691 0.5114731464025674 0
1686630381692 0.4855766987902633 0
1686630381694 0.46203232548774137 0
1686630381696 0.44044188009357 0
1686630381697 0.41840856432646467 0
1686630381699 0.4001998819697001 0
1686630381700 0.3816134716789166 0
1686630381701 0.36573666993980347 0
1686630381702 0.3492227680524744 0
1686630381704 0.3361602656695287 0
1686630381705 0.32296303311152474 0
1686630381706 0.3115993500520864 0
1686630381707 0.30036748163645366 0
1686630381711 0.2896489522359537 0
1686630381713 0.2807746471909295 0
1686630381714 0.27170852461829764 0
1686630381715 0.2634127112860312 0
1686630381715 0.25616515272577123 0
1686630381716 0.2487909719437272 0
1686630381717 0.24291080230635606 0
1686630381718 0.23681946960609088 0
1686630381718 0.2307594292260742 0
1686630381719 0.22543817821858922 0
1686630381720 0.22066249676305144 0
1686630381720 0.21575769097999944 0
1686630381721 0.2118849722292745 0
1686630381722 0.20788323368209902 0
1686630381722 0.20391275293553598 0
1686630381723 0.2008115734582492 0
1686630381724 0.19741222119089843 0
1686630381725 0.1944338358315458 0
1686630381725 0.19151970372849975 0
1686630381726 0.1887698253604936 0
1686630381727 0.18612150627307958 0
1686630381727 0.18379144893465224 0
1686630381728 0.18163670330698284 0
1686630381729 0.1795269350420316 0
1686630381730 0.17739082236106185 0
1686630381730 0.17535556308684827 0
1686630381731 0.17356111299736518 0
1686630381732 0.17180946270439296 0
1686630381734 0.17009023152888814 0
1686630381735 0.16851085123779364 0
1686630381736 0.16700448877526125 0
1686630381737 0.165665696478121 0
1686630381738 0.1643733377086461 0
1686630381739 0.1632529354265624 0
1686630381740 0.16213188836781867 0
1686630381741 0.1610486759379689 0
1686630381743 0.1598358923016485 0
1686630381744 0.1588740612309767 0
1686630381745 0.15793444130421605 0
1686630381746 0.15701266420836252 0
1686630381747 0.1561545452951681 0
1686630381748 0.1553900596352929 0
1686630381749 0.15460769223670912 0
1686630381749 0.15390277062157667 0
1686630381750 0.15324740685889335 0
1686630381751 0.15261884035231413 0
1686630381752 0.15197300367904232 0
1686630381753 0.15138026544145528 0
1686630381754 0.1507319667475663 0
1686630381754 0.1501338426092971 0
1686630381755 0.1496268466106623 0
1686630381756 0.14917462923374702 0
1686630381756 0.1487433605207554 0
1686630381757 0.14825837432861302 0
1686630381758 0.1477662085677051 0
1686630381758 0.14741326634565002 0
1686630381759 0.14701349833084135 0
1686630381760 0.14645091236112812 0
1686630381761 0.14610110707784288 0
1686630381761 0.1457518003707971 0
1686630381762 0.145356158409532 0
1686630381763 0.14497650724708178 0
1686630381763 0.14462249435507132 0
1686630381764 0.14421715156847714 0
1686630381765 0.14392653916987547 0
1686630381765 0.14359706744383222 0
1686630381766 0.14331264297247676 0
1686630381767 0.14308905757333892 0
1686630381768 0.14271443342000936 0
1686630381768 0.14248732659634136 0
1686630381769 0.14225583694166533 0
1686630381770 0.14203800836739533 0
1686630381770 0.14179469885791643 0
1686630381771 0.14158003082068388 0
1686630381772 0.14133873267892064 0
1686630381772 0.14113965845696388 0
1686630381773 0.14098792931252185 0
1686630381774 0.14069117917310012 0
1686630381775 0.14052209536437035 0
1686630381775 0.14028000976964103 0
1686630381776 0.1399838545747516 0
