1686630483672 0.6586058667541738 0
1686630483673 0.5620455292041084 0
1686630483673 0.48315344990035664 0
1686630483674 0.41853092018305144 0
1686630483675 0.36522317882085664 0
1686630483676 0.32241182314952666 0
1686630483677 0.28648286145981355 0
1686630483678 0.2565066855719503 0
1686630483679 0.23260552893771994 0
1686630483679 0.2120152635931735 0
1686630483680 0.19444183907487617 0
1686630483681 0.18018640607521394 0
1686630483682 0.16799562652561809 0
1686630483682 0.15775627199233586 0
1686630483683 0.14924043486487656 0
1686630483684 0.14160071411806952 0
1686630483685 0.1355278358351107 0
1686630483686 0.13028374834856493 0
1686630483686 0.12572764620472832 0
1686630483687 0.12167191131973874 0
1686630483688 0.11834064481706714 0
1686630483689 0.11528711376705804 0
1686630483689 0.11251482911004956 0
1686630483690 0.1100067777042565 0
1686630483691 0.10759432326940886 0
1686630483692 0.10555964276662806 0
1686630483692 0.10391136366707515 0
1686630483693 0.10208438633599483 0
1686630483694 0.10076689526335492 0
1686630483695 0.09946810210356896 0
1686630483695 0.09794455439586394 0
1686630483696 0.09681358448962386 0
1686630483697 0.09566178262408498 0
1686630483698 0.09466898693721502 0
1686630483698 0.0937300797755845 0
1686630483699 0.09272117667661806 0
1686630483700 0.09180731861146395 0
1686630483701 0.09104448092913768 0
1686630483702 0.09025873625575602 0
1686630483702 0.08949768197246967 0
1686630483703 0.08890466503409959 0
1686630483704 0.08820080130605831 0
1686630483705 0.08753645811455077 0
1686630483705 0.08677897011003913 0
1686630483706 0.08627637456760928 0
1686630483707 0.08558589546727594 0
1686630483708 0.0847476784734034 0
1686630483708 0.08427103948216987 0
1686630483709 0.08350286322284645 0
1686630483710 0.08290414437488847 0
1686630483711 0.08235098773617572 0
1686630483711 0.08175768525099238 0
1686630483712 0.081309415187415 0
1686630483713 0.08040160701913353 0
1686630483714 0.08013235564520907 0
1686630483714 0.07949090351050288 0
1686630483715 0.07928687853895335 0
1686630483716 0.07845205335481131 0
1686630483717 0.07837603168577892 0
1686630483718 0.07793876547035147 0
1686630483718 0.07773056581956615 0
1686630483719 0.07747731691855266 0
1686630483720 0.07637586035692877 0
1686630483721 0.07607959132154617 0
1686630483721 0.07577926393187429 0
1686630483722 0.0756108101081835 0
1686630483723 0.07510812087080247 0
1686630483724 0.0750850428269968 0
1686630483724 0.07479749273170497 0
1686630483725 0.07454059757957204 0
1686630483726 0.07427269564423221 0
1686630483727 0.07388017452896882 0
1686630483727 0.0738471867429844 0
1686630483728 0.07382414477154009 0
1686630483729 0.07317267914702971 0
1686630483730 0.07278925114403467 0
1686630483731 0.07240975855129302 0
1686630483731 0.07215111575891325 0
1686630483732 0.0717994201777397 0
1686630483733 0.07118369372997611 0
1686630483734 0.07114606653849774 0
1686630483735 0.070849903006037 0
1686630483736 0.07062092217409309 0
1686630483737 0.07035105017542118 0
1686630483738 0.06974971858076207 0
1686630483739 0.06960679569806835 0
1686630483739 0.06921397208215131 0
1686630483740 0.0690178858757573 0
1686630483741 0.0687324754863998 0
1686630483742 0.06837055403344208 0
1686630483743 0.06800940534471238 0
1686630483744 0.06799158762583003 0
1686630483745 0.0679635382180589 0
1686630483745 0.06779448543798682 0
1686630483746 0.06745243867743034 0
1686630483747 0.0671462750192403 0
1686630483748 0.06704533214205903 0
1686630483748 0.06698071695078119 0
1686630483749 0.06695536567339495 0
1686630483750 0.06678931662124446 0
