1686630354599 0.7618928137296954 0
1686630354601 0.7502345242492302 0
1686630354602 0.7388076730169456 0
1686630354603 0.7276027401752301 0
1686630354604 0.7166293696795467 0
1686630354605 0.7058577690850109 0
1686630354606 0.6953045007524271 0
1686630354607 0.6849518910669539 0
1686630354608 0.6748089469117592 0
1686630354609 0.6648606523170401 0
1686630354610 0.6551121170714783 0
1686630354611 0.6455921054778554 0
1686630354613 0.636229940822074 0
1686630354614 0.6270443005563622 0
1686630354615 0.6180680326729434 0
1686630354616 0.6092332826760106 0
1686630354617 0.6006008731244334 0
1686630354618 0.592101599424912 0
1686630354619 0.5837957863724689 0
1686630354620 0.575620952610073 0
1686630354621 0.5676300399846441 0
1686630354622 0.559766719624733 0
1686630354624 0.5520807252786807 0
1686630354625 0.5445091041968297 0
1686630354626 0.5371207124269542 0
1686630354627 0.5298347339891227 0
1686630354628 0.5226989451268353 0
1686630354629 0.5157165742512455 0
1686630354630 0.5088495972836737 0
1686630354631 0.50212529639939 0
1686630354632 0.4955215704229549 0
1686630354633 0.48905060254581445 0
1686630354634 0.4826905632025082 0
1686630354636 0.4764589049994177 0
1686630354637 0.4703423415451413 0
1686630354638 0.46434228711499725 0
1686630354639 0.458450229662526 0
1686630354640 0.4526703158335785 0
1686630354641 0.44697756149359186 0
1686630354642 0.4414131438664708 0
1686630354643 0.4359365691077939 0
1686630354644 0.43053096419505404 0
1686630354645 0.42526818630706276 0
1686630354646 0.42010771583919476 0
1686630354647 0.4149982780947704 0
1686630354649 0.4100069570288894 0
1686630354650 0.4051135035448619 0
1686630354651 0.4003154307309109 0
1686630354652 0.39560855664742056 0
1686630354653 0.39099456019508433 0
1686630354654 0.3864598312437019 0
1686630354655 0.38202595614262846 0
1686630354656 0.3776704624566958 0
1686630354657 0.37339276262808174 0
1686630354658 0.3691607901929607 0
1686630354659 0.36504067213959235 0
1686630354661 0.3609639506683669 0
1686630354662 0.3569964126331234 0
1686630354663 0.3529494569548042 0
1686630354664 0.34911703293649743 0
1686630354665 0.3452362653411492 0
1686630354666 0.34141285946307626 0
1686630354667 0.3376725411835613 0
1686630354668 0.33410848113422753 0
1686630354669 0.33049898739709876 0
1686630354670 0.32697611271628907 0
1686630354672 0.32347555604798317 0
1686630354673 0.3201709136998288 0
1686630354674 0.3168019384056523 0
1686630354675 0.3135057086362692 0
1686630354676 0.3102821890247362 0
1686630354677 0.30715598581645265 0
1686630354678 0.30405229124167776 0
1686630354679 0.3010850422324547 0
1686630354680 0.2980943646347582 0
1686630354681 0.2951457272848307 0
1686630354682 0.2923564558504731 0
1686630354683 0.2895245215812257 0
1686630354684 0.28674608563813025 0
1686630354686 0.2841104887690101 0
1686630354687 0.28142686519617743 0
1686630354688 0.278885802086872 0
1686630354689 0.276298630603618 0
1686630354690 0.2737466778058864 0
1686630354691 0.27129955754158425 0
1686630354692 0.26885230582190295 0
1686630354693 0.2664420439852856 0
1686630354694 0.2641494502387005 0
1686630354695 0.26183219788024786 0
1686630354696 0.2596044122894022 0
1686630354697 0.2573654028640198 0
1686630354699 0.2552364820682129 0
1686630354700 0.25308805160104936 0
1686630354701 0.25103937406393473 0
1686630354702 0.24895365450617585 0
1686630354703 0.24694481690319156 0
1686630354704 0.24494256395084016 0
1686630354705 0.24284804405331323 0
1686630354706 0.2409662069100846 0
1686630354707 0.23901914724166204 0
