1686630436836 0.6789712663712169 0
1686630436837 0.602017648902873 0
1686630436839 0.5390648020637979 0
1686630436840 0.4773810345529353 0
1686630436841 0.43076500239369586 0
1686630436842 0.3938143911815082 0
1686630436844 0.35639984983256084 0
1686630436845 0.3302573108321837 0
1686630436846 0.3048383304502907 0
1686630436847 0.28462682262046457 0
1686630436849 0.2663448398933434 0
1686630436850 0.2515790305021334 0
1686630436851 0.23927684990477943 0
1686630436852 0.22780832223120856 0
1686630436854 0.2171467589206275 0
1686630436855 0.2086536922850679 0
1686630436856 0.20078670047876973 0
1686630436857 0.1950405832686206 0
1686630436859 0.18929236468565544 0
1686630436860 0.18401910708953836 0
1686630436861 0.17954773997889273 0
1686630436862 0.1755096839495205 0
1686630436863 0.17186184502824486 0
1686630436865 0.16887605725211588 0
1686630436866 0.16615151254597732 0
1686630436867 0.16354108744422183 0
1686630436868 0.1612953849890907 0
1686630436869 0.15933255415365374 0
1686630436871 0.15767668797898074 0
1686630436872 0.15582690139199756 0
1686630436873 0.15440316537617343 0
1686630436874 0.1532282173594998 0
1686630436876 0.15162452038382465 0
1686630436877 0.1506052500371879 0
1686630436878 0.14979004632374948 0
1686630436880 0.14877587673883794 0
1686630436881 0.14769362180085335 0
1686630436882 0.14689212806665006 0
1686630436883 0.14583412211772354 0
1686630436884 0.1452318675470113 0
1686630436885 0.1445579594765417 0
1686630436886 0.14401579047621077 0
1686630436887 0.1435369585061274 0
1686630436888 0.14281940084882278 0
1686630436888 0.1421480834410293 0
1686630436889 0.14178176971106973 0
1686630436890 0.14132588081297956 0
1686630436891 0.14091048105058926 0
1686630436891 0.14059599817642623 0
1686630436892 0.14006361272258178 0
1686630436893 0.13956399123272384 0
1686630436894 0.13932721308005055 0
1686630436894 0.13907342358574262 0
1686630436895 0.13875263249288755 0
1686630436896 0.13836071562972493 0
1686630436896 0.1379622744161828 0
1686630436897 0.13777614965248486 0
1686630436898 0.13757599637313395 0
1686630436899 0.13725212494892336 0
1686630436899 0.13710005979155757 0
1686630436900 0.13685642730649542 0
1686630436901 0.13654607446555508 0
1686630436902 0.1361887728504562 0
1686630436902 0.13604610502766232 0
1686630436903 0.13523481468488036 0
1686630436904 0.13505238027257072 0
1686630436904 0.13489989981800965 0
1686630436906 0.13454863747000048 0
1686630436907 0.13445889878951242 0
1686630436907 0.1343102052764882 0
1686630436908 0.13409799322421442 0
1686630436909 0.13398161595393093 0
1686630436910 0.13390769377890305 0
1686630436910 0.13363906073290857 0
1686630436911 0.13351544749038483 0
1686630436912 0.13337353062402935 0
1686630436913 0.13330807248432447 0
1686630436913 0.1330759575708433 0
1686630436914 0.13278617977799478 0
1686630436915 0.13214683586271167 0
1686630436916 0.13198924387199507 0
1686630436916 0.1317563835833597 0
1686630436917 0.13169917821014684 0
1686630436918 0.1310278314335773 0
1686630436918 0.13063593692646105 0
1686630436919 0.1303979316257857 0
1686630436920 0.13031473235165333 0
1686630436921 0.13023867661954916 0
1686630436921 0.12962999218397428 0
1686630436922 0.12931044702970323 0
1686630436923 0.12910245493447478 0
1686630436924 0.12882048243715638 0
1686630436925 0.1287501915989695 0
1686630436925 0.12866825344210714 0
1686630436926 0.1285266470879243 0
1686630436927 0.12809950993669722 0
1686630436927 0.1278957101278407 0
1686630436928 0.12762674676234106 0
1686630436929 0.1274036723927931 0
1686630436930 0.12717574629783893 0
