1686630384799 0.7251319538912995 0
1686630384800 0.681220040405135 0
1686630384801 0.6418066518656178 0
1686630384801 0.6061167405561849 0
1686630384802 0.5733172909938592 0
1686630384803 0.5385502598863036 0
1686630384804 0.5108384016595136 0
1686630384804 0.4817515513252984 0
1686630384805 0.45860446815381856 0
1686630384806 0.43440605332839055 0
1686630384807 0.4150965438326644 0
1686630384807 0.3945832718299646 0
1686630384808 0.3775754072229781 0
1686630384809 0.3623120816806197 0
1686630384809 0.3460111718879149 0
1686630384810 0.33128837919792736 0
1686630384811 0.31796927715499085 0
1686630384811 0.306079149587159 0
1686630384812 0.29626007934902043 0
1686630384813 0.28735941340553106 0
1686630384813 0.27864410433691184 0
1686630384814 0.2697417390040949 0
1686630384815 0.2625243075531076 0
1686630384816 0.25472071272959274 0
1686630384816 0.24706864185516617 0
1686630384817 0.24062850307011235 0
1686630384818 0.23417793264049752 0
1686630384818 0.22917021630286274 0
1686630384819 0.22393207197231307 0
1686630384820 0.21881318237373715 0
1686630384821 0.2143272202677693 0
1686630384821 0.2099475058575454 0
1686630384822 0.20610860631905595 0
1686630384823 0.20294043215206356 0
1686630384823 0.20002545837145655 0
1686630384824 0.1966226660487555 0
1686630384825 0.19372466701968377 0
1686630384826 0.19078842616791733 0
1686630384826 0.1881480423754241 0
1686630384827 0.18561095869385333 0
1686630384828 0.18333260935710957 0
1686630384828 0.18112648148791288 0
1686630384829 0.17916138173009 0
1686630384830 0.1770975470329874 0
1686630384831 0.17517880987069911 0
1686630384831 0.17339994027158642 0
1686630384832 0.1718174721897019 0
1686630384833 0.17028495343950084 0
1686630384833 0.16877463642646112 0
1686630384834 0.1672645043592494 0
1686630384835 0.16587679460821247 0
1686630384835 0.1647064384529848 0
1686630384836 0.16350975255500688 0
1686630384837 0.16224446720676677 0
1686630384838 0.16117896416993988 0
1686630384838 0.16020203150572535 0
1686630384839 0.15911579510848928 0
1686630384840 0.1581194107359593 0
1686630384840 0.15723862726708948 0
1686630384841 0.15636298043945074 0
1686630384842 0.1555667011959313 0
1686630384843 0.1548709116056552 0
1686630384843 0.1541635925075816 0
1686630384844 0.1535034563158585 0
1686630384845 0.1527314841810287 0
1686630384845 0.15203487021786918 0
1686630384846 0.1514807957357677 0
1686630384847 0.15090519266432476 0
1686630384848 0.15039563960157826 0
1686630384848 0.14986255690858663 0
1686630384849 0.14931309074328164 0
1686630384850 0.1488735902428257 0
1686630384850 0.1484288537960985 0
1686630384851 0.14792360724396922 0
1686630384852 0.14754021915838117 0
1686630384852 0.1471306288205313 0
1686630384853 0.1467366534618772 0
1686630384854 0.14635824642000525 0
1686630384854 0.14600781169280458 0
1686630384855 0.1455090678241046 0
1686630384856 0.14519138324063266 0
1686630384857 0.1449116636791587 0
1686630384858 0.14461953283301726 0
1686630384858 0.14427401052601582 0
1686630384859 0.14396584721723765 0
1686630384860 0.14372300024486523 0
1686630384861 0.14348695061705344 0
1686630384861 0.1432632656457253 0
1686630384862 0.14298667680642657 0
1686630384863 0.1426367293622982 0
1686630384863 0.1424397715465236 0
1686630384864 0.1421860704743018 0
1686630384865 0.1419576536889966 0
1686630384865 0.1416234144770122 0
1686630384866 0.14141082120620682 0
1686630384867 0.14115010922126087 0
1686630384867 0.14098645979632346 0
1686630384868 0.14082247433619632 0
1686630384869 0.14059406643973527 0
1686630384870 0.14041964488859496 0
