1686630472801 0.6610295445882324 0
1686630472802 0.5689874685227636 0
1686630472803 0.49508965894294993 0
1686630472804 0.433597016118193 0
1686630472805 0.3836289956590098 0
1686630472806 0.34130871800291857 0
1686630472806 0.30580951189295985 0
1686630472807 0.2769946547790147 0
1686630472808 0.2527996383190642 0
1686630472809 0.23293176740470906 0
1686630472809 0.21490547629846465 0
1686630472810 0.2014091555564794 0
1686630472811 0.18885706579822045 0
1686630472812 0.1782365511686398 0
1686630472812 0.17003749568465998 0
1686630472813 0.16249026386770118 0
1686630472814 0.15611550499020663 0
1686630472815 0.15045311562359917 0
1686630472816 0.14556727662807584 0
1686630472816 0.1417092139027261 0
1686630472817 0.13815963095970482 0
1686630472818 0.13507941121406003 0
1686630472819 0.13263855976690506 0
1686630472820 0.13018146201319064 0
1686630472820 0.12792502628515867 0
1686630472821 0.12591791429921262 0
1686630472822 0.12402075620906183 0
1686630472823 0.1223709969772015 0
1686630472823 0.12080171231090282 0
1686630472824 0.11965452542411603 0
1686630472825 0.1184029690237646 0
1686630472826 0.11728679951306566 0
1686630472826 0.11638402212527865 0
1686630472827 0.11526826721021144 0
1686630472828 0.11453941162155186 0
1686630472829 0.11387189702007118 0
1686630472829 0.11312606456040318 0
1686630472830 0.11189267794416494 0
1686630472831 0.11086718390997592 0
1686630472832 0.1100857476372798 0
1686630472832 0.10960672568923191 0
1686630472833 0.10900348326145787 0
1686630472834 0.10827305280515138 0
1686630472835 0.1074347886802908 0
1686630472836 0.10672364267109159 0
1686630472836 0.10619687127831456 0
1686630472837 0.10563124320344741 0
1686630472838 0.10531325052196212 0
1686630472839 0.10497803299889807 0
1686630472839 0.1048587781583022 0
1686630472840 0.10438271811380195 0
1686630472841 0.10366104684019271 0
1686630472842 0.10357576440995743 0
1686630472842 0.10307565384576708 0
1686630472843 0.10248439259814654 0
1686630472844 0.10203326898747671 0
1686630472845 0.10168067698478551 0
1686630472845 0.1016085214773691 0
1686630472846 0.1013128319717819 0
1686630472847 0.10086609151547894 0
1686630472848 0.10039381164194233 0
1686630472848 0.0998939792936064 0
1686630472849 0.09984994838807978 0
1686630472850 0.09974176678673498 0
1686630472850 0.09941885689700315 0
1686630472851 0.09904561691998227 0
1686630472852 0.09897022628401382 0
1686630472853 0.09839049575714488 0
1686630472854 0.09797616400716927 0
1686630472854 0.09790536295172586 0
1686630472855 0.0974231254145764 0
1686630472856 0.09700520918652715 0
1686630472857 0.09666119810985005 0
1686630472857 0.09637318475834933 0
1686630472858 0.09611370418473657 0
1686630472859 0.09601989276392664 0
1686630472860 0.09562441861751081 0
1686630472861 0.09508599480451506 0
1686630472861 0.09481332180357274 0
1686630472862 0.09473288111186544 0
1686630472863 0.09459277920142768 0
1686630472864 0.0943907561871348 0
1686630472865 0.09406861444812108 0
1686630472865 0.0938723571080621 0
1686630472866 0.09349716585406878 0
1686630472867 0.09293190392756022 0
1686630472868 0.09270126570991151 0
1686630472868 0.09258033774266604 0
1686630472869 0.09225208206550033 0
1686630472870 0.09181305769468859 0
1686630472871 0.09143410609394095 0
1686630472872 0.09116153421201974 0
1686630472872 0.09100527807557017 0
1686630472873 0.09078535969693179 0
1686630472874 0.09029898044089187 0
1686630472875 0.09005803711199344 0
1686630472876 0.0897122495949314 0
1686630472876 0.08969033091889432 0
1686630472877 0.08946664477723101 0
1686630472878 0.08912976385229203 0
