1686630397088 0.7200816399608664 0
1686630397089 0.6710138839316763 0
1686630397090 0.6267013699226064 0
1686630397091 0.5864668757037105 0
1686630397091 0.5503780061471244 0
1686630397092 0.5172387995714866 0
1686630397093 0.48672425951906023 0
1686630397094 0.4592606318201356 0
1686630397094 0.4333259498530614 0
1686630397095 0.4099871539600765 0
1686630397096 0.3886905757388146 0
1686630397097 0.3686806583518716 0
1686630397097 0.35036575726027724 0
1686630397098 0.3345160023743147 0
1686630397099 0.3188430996911728 0
1686630397099 0.30506627349789767 0
1686630397100 0.29249391947346026 0
1686630397101 0.28101142367368714 0
1686630397102 0.27051695837378653 0
1686630397102 0.26055471613979947 0
1686630397103 0.25129617643883995 0
1686630397104 0.2428780381497933 0
1686630397104 0.23509136246290682 0
1686630397105 0.22807136470198391 0
1686630397106 0.22108089959282046 0
1686630397107 0.2151619679397742 0
1686630397107 0.2093264739799133 0
1686630397108 0.2041930390890197 0
1686630397109 0.19939282118910479 0
1686630397110 0.19482893206073537 0
1686630397110 0.19085582820938607 0
1686630397111 0.18694478178541224 0
1686630397112 0.1831427230925448 0
1686630397112 0.1800696234951015 0
1686630397113 0.17678109216665797 0
1686630397114 0.1740461972236014 0
1686630397115 0.1713633292161353 0
1686630397115 0.1687017508630181 0
1686630397116 0.166334592969143 0
1686630397117 0.16409971446641705 0
1686630397117 0.16196057662381108 0
1686630397118 0.15990359506505994 0
1686630397119 0.15803336054039283 0
1686630397120 0.15621901794982324 0
1686630397120 0.15470468992840572 0
1686630397121 0.15313325466800032 0
1686630397122 0.15158639134401422 0
1686630397122 0.1501976818083509 0
1686630397124 0.1487280325799573 0
1686630397125 0.1474064495209757 0
1686630397126 0.14613110286999195 0
1686630397127 0.14508619081665683 0
1686630397128 0.1440119960144169 0
1686630397129 0.1429738083718265 0
1686630397130 0.1420975709903979 0
1686630397130 0.141222446383688 0
1686630397131 0.14044487954178858 0
1686630397132 0.13948173043524312 0
1686630397133 0.13876917466944877 0
1686630397134 0.13797986001711174 0
1686630397134 0.1373753686864027 0
1686630397135 0.13682612585935922 0
1686630397136 0.1361357995852283 0
1686630397137 0.13557279352609203 0
1686630397137 0.13509494928314197 0
1686630397138 0.13444335996512216 0
1686630397139 0.13399638150662996 0
1686630397140 0.13352406943545606 0
1686630397140 0.13308042591105898 0
1686630397141 0.13257429423362677 0
1686630397142 0.13211463605075205 0
1686630397142 0.1317107906970603 0
1686630397143 0.1312769368191818 0
1686630397144 0.13098320840536137 0
1686630397145 0.13065037707410654 0
1686630397145 0.13032780004451544 0
1686630397146 0.13002562425009578 0
1686630397147 0.12959410635463112 0
1686630397147 0.12934681307164422 0
1686630397148 0.12905516564804034 0
1686630397149 0.12864057228174014 0
1686630397150 0.12836529843325 0
1686630397151 0.12815236081140272 0
1686630397152 0.12786284842757115 0
1686630397152 0.12764681473430006 0
1686630397153 0.12733567639366503 0
1686630397154 0.12716066811080332 0
1686630397155 0.12688573837889613 0
1686630397155 0.12658370488567378 0
1686630397156 0.12617157518236785 0
1686630397157 0.1256236952894661 0
1686630397158 0.12550826513956734 0
1686630397159 0.12507349389184574 0
1686630397160 0.12493488159619943 0
1686630397160 0.12483261980385234 0
1686630397161 0.12451046344352179 0
1686630397162 0.12423733390584389 0
1686630397163 0.12399588176844623 0
1686630397163 0.12361986544798356 0
1686630397164 0.12349418190365466 0
