1686630364924 0.7622166054644086 0
1686630364925 0.750795118070891 0
1686630364925 0.7394157459734393 0
1686630364926 0.7283662348223774 0
1686630364927 0.7175176328053702 0
1686630364928 0.7068118930604339 0
1686630364928 0.696330309152103 0
1686630364929 0.6859978571961753 0
1686630364930 0.6759586765918273 0
1686630364930 0.6662384982566225 0
1686630364931 0.6565399199396206 0
1686630364932 0.6472342973032398 0
1686630364933 0.6379378836395297 0
1686630364934 0.6288584948496342 0
1686630364934 0.6199018811746226 0
1686630364935 0.6111434072270472 0
1686630364936 0.6024555088443826 0
1686630364937 0.5940661098685082 0
1686630364937 0.5857348312519277 0
1686630364938 0.5777817163796042 0
1686630364939 0.5697666693852432 0
1686630364939 0.562098145253605 0
1686630364940 0.5543568984259063 0
1686630364941 0.5466850901908512 0
1686630364941 0.5391724817151845 0
1686630364942 0.5319338994422043 0
1686630364943 0.5248962262239534 0
1686630364943 0.5178423940000003 0
1686630364944 0.5109928363631692 0
1686630364945 0.5043040723559264 0
1686630364945 0.497730295310329 0
1686630364946 0.4912083047000574 0
1686630364947 0.4847566684106605 0
1686630364948 0.4784219178215862 0
1686630364948 0.47232186495461825 0
1686630364949 0.46627372230546094 0
1686630364950 0.4602888654324636 0
1686630364950 0.45436982690475847 0
1686630364951 0.44857746925524666 0
1686630364952 0.4429203452407123 0
1686630364952 0.43736507785205997 0
1686630364953 0.43193102881980616 0
1686630364954 0.4268553840042924 0
1686630364954 0.421573743406338 0
1686630364955 0.4163917525636823 0
1686630364956 0.4113115445853997 0
1686630364956 0.4064366026416796 0
1686630364957 0.4016169285242783 0
1686630364958 0.39700932522020543 0
1686630364958 0.39229380086739024 0
1686630364959 0.3876671407070789 0
1686630364960 0.3831051760725561 0
1686630364961 0.3786487272956878 0
1686630364961 0.37425860939578387 0
1686630364962 0.3700759413751834 0
1686630364963 0.3657805942311404 0
1686630364964 0.3616257713007802 0
1686630364964 0.3575921415259784 0
1686630364965 0.35357445447749053 0
1686630364966 0.34962430133972544 0
1686630364966 0.3456605185357006 0
1686630364967 0.34186008767245496 0
1686630364968 0.33805891028319907 0
1686630364968 0.3343866577873413 0
1686630364969 0.33083815221328733 0
1686630364970 0.3273664442133923 0
1686630364971 0.32392804150338644 0
1686630364971 0.32055266555622836 0
1686630364972 0.317307997827203 0
1686630364973 0.31415833497462325 0
1686630364973 0.3109859057672649 0
1686630364974 0.3078660887087205 0
1686630364975 0.3047158233367636 0
1686630364975 0.30176233609036435 0
1686630364976 0.29874332178889407 0
1686630364977 0.29583419552575557 0
1686630364977 0.29297044516781734 0
1686630364978 0.2902479758402764 0
1686630364979 0.2873991311721271 0
1686630364980 0.2847897467877407 0
1686630364980 0.2820757981216508 0
1686630364981 0.27941249093338305 0
1686630364982 0.2767995166861156 0
1686630364982 0.274293202722212 0
1686630364983 0.2718340215138449 0
1686630364984 0.26927227607651605 0
1686630364985 0.26682625508996227 0
1686630364985 0.26441476749329706 0
1686630364986 0.2620658962535574 0
1686630364987 0.25973998694824924 0
1686630364987 0.25741479129526473 0
1686630364988 0.2552471195053664 0
1686630364989 0.2530582124828004 0
1686630364989 0.2508929975022984 0
1686630364990 0.24878779119528796 0
1686630364991 0.24661610476080292 0
1686630364991 0.24461382854463246 0
1686630364992 0.24258547439271733 0
1686630364993 0.24061821294857996 0
1686630364993 0.23867699904407022 0
