1686630480278 0.656507456051185 0
1686630480279 0.5612082723957101 0
1686630480279 0.4815936330433637 0
1686630480281 0.41724426275744175 0
1686630480281 0.3642808023060374 0
1686630480282 0.32089272737417207 0
1686630480283 0.28506933328981104 0
1686630480284 0.25606466830604274 0
1686630480284 0.23179181842329552 0
1686630480285 0.21140629849686368 0
1686630480286 0.19371016504325714 0
1686630480287 0.1795136375017402 0
1686630480287 0.1672522084340228 0
1686630480288 0.1573259447772835 0
1686630480289 0.14881161626656178 0
1686630480290 0.14194855994429034 0
1686630480290 0.13560420301498446 0
1686630480291 0.12974591819523892 0
1686630480292 0.1253294693584869 0
1686630480293 0.1212418021887645 0
1686630480293 0.11739525434302724 0
1686630480294 0.11426309870655015 0
1686630480295 0.11148984179834223 0
1686630480296 0.10896302906263297 0
1686630480297 0.10689401739481671 0
1686630480297 0.10503894901503272 0
1686630480298 0.10339260201375515 0
1686630480299 0.1018668004353845 0
1686630480300 0.10022461859674008 0
1686630480300 0.0987888888230433 0
1686630480301 0.09726950264619624 0
1686630480302 0.09583969224196695 0
1686630480302 0.09452455153229461 0
1686630480303 0.09357063512564616 0
1686630480304 0.09262258076680804 0
1686630480305 0.0916127379384562 0
1686630480305 0.09084987919987661 0
1686630480306 0.0899704198517691 0
1686630480307 0.08936422990504754 0
1686630480308 0.08860675958733807 0
1686630480308 0.08763439427257134 0
1686630480309 0.086877233202405 0
1686630480310 0.08600104854913555 0
1686630480311 0.08530005180500397 0
1686630480311 0.08484969160574816 0
1686630480312 0.08419023433992083 0
1686630480313 0.08366992001323954 0
1686630480314 0.08261306752401933 0
1686630480314 0.082013418072219 0
1686630480315 0.08162183072680256 0
1686630480316 0.08076193559464231 0
1686630480317 0.08018000112888235 0
1686630480317 0.07971336673126715 0
1686630480318 0.07928092578619603 0
1686630480319 0.078963276002713 0
1686630480320 0.07890972383817008 0
1686630480320 0.07843635524089705 0
1686630480321 0.07827577092952975 0
1686630480322 0.07770346198072778 0
1686630480323 0.0771479489718677 0
1686630480324 0.07707630704172375 0
1686630480324 0.07658504355314455 0
1686630480325 0.07620945269724522 0
1686630480326 0.07578124508208055 0
1686630480327 0.07575266755225465 0
1686630480327 0.07527966131273571 0
1686630480328 0.07469795517560755 0
1686630480329 0.07402734523091095 0
1686630480330 0.07372146338354396 0
1686630480330 0.07360058294593128 0
1686630480331 0.07314068226223157 0
1686630480332 0.07286992057517207 0
1686630480333 0.07284385619811537 0
1686630480334 0.07189789494783172 0
1686630480335 0.07177649484928537 0
1686630480335 0.07171359340260151 0
1686630480336 0.07145850130832576 0
1686630480337 0.07127253770898376 0
1686630480338 0.07117720330623473 0
1686630480338 0.07083232602853663 0
1686630480339 0.07040118116789104 0
1686630480340 0.06989442327099647 0
1686630480341 0.06951758791299349 0
1686630480341 0.06930932260007586 0
1686630480342 0.06928180701676877 0
1686630480343 0.06886811871215524 0
1686630480344 0.06881730151323405 0
1686630480344 0.06858870801816579 0
1686630480345 0.06838069944752276 0
1686630480346 0.0682125197080286 0
1686630480347 0.06790449399540288 0
1686630480348 0.06789068956471862 0
1686630480348 0.0675275101180827 0
1686630480349 0.06749639937675887 0
1686630480350 0.0671151622187987 0
1686630480351 0.06682518337058152 0
1686630480352 0.06645119475050117 0
1686630480353 0.0662520216621497 0
1686630480353 0.06588483344143346 0
1686630480354 0.06548505927702325 0
