1686630294076 0.7641331973106325 0
1686630294080 0.754388663895037 0
1686630294082 0.7448204528555679 0
1686630294089 0.7354500210082291 0
1686630294090 0.7264809650697222 0
1686630294091 0.7174735433930576 0
1686630294092 0.7079021983213902 0
1686630294120 0.6992222077986135 0
1686630294121 0.6907149490872401 0
1686630294122 0.6823767305954013 0
1686630294123 0.6733262312748316 0
1686630294147 0.6645317949806696 0
1686630294148 0.6566737426091604 0
1686630294149 0.6489355304626423 0
1686630294150 0.6416299708370184 0
1686630294151 0.6335102980022683 0
1686630294179 0.6254877539660954 0
1686630294181 0.6183010447827946 0
1686630294182 0.6112534274585665 0
1686630294183 0.6035131021359411 0
1686630294189 0.5967275930766043 0
1686630294191 0.5901088781061693 0
1686630294192 0.583598423058057 0
1686630294193 0.57727707686595 0
1686630294194 0.5701955601552966 0
1686630294195 0.5640420915296694 0
1686630294204 0.5580993425951141 0
1686630294205 0.5522317780965184 0
1686630294206 0.5463947754207831 0
1686630294207 0.5406729205825456 0
1686630294208 0.5350752245293956 0
1686630294209 0.5295687328198538 0
1686630294211 0.5239189948300521 0
1686630294245 0.5186103060553675 0
1686630294246 0.5134974235870106 0
1686630294249 0.5083841966944713 0
1686630294264 0.503336815046341 0
1686630294265 0.4984069121081542 0
1686630294275 0.49349288533769775 0
1686630294277 0.48787636491871933 0
1686630294280 0.48320878171595094 0
1686630294295 0.4777835007252523 0
1686630294308 0.47304714416841925 0
1686630294309 0.46824014981285283 0
1686630294312 0.46307935758740837 0
1686630294313 0.4580281518877652 0
1686630294314 0.45307507858840174 0
1686630294315 0.4487446598935364 0
1686630294327 0.4445282634795375 0
1686630294337 0.4404695259874568 0
1686630294341 0.43619614952400804 0
1686630294342 0.43218838209435473 0
1686630294356 0.4283862416821165 0
1686630294357 0.4239383191249004 0
1686630294361 0.4200828503967122 0
1686630294362 0.4162608450944256 0
1686630294363 0.4125850615611583 0
1686630294383 0.4085495542797399 0
1686630294384 0.40451222901357514 0
1686630294385 0.4004893259055203 0
1686630294386 0.396995797958662 0
1686630294402 0.39365334473497166 0
1686630294406 0.3898152224414066 0
1686630294410 0.3863789545550292 0
1686630294417 0.3832521342064573 0
1686630294425 0.37959189631325607 0
1686630294426 0.37600338374356873 0
1686630294427 0.37245519192770704 0
1686630294428 0.36941412760621023 0
1686630294429 0.3659835957682411 0
1686630294431 0.3626734047143084 0
1686630294438 0.3593934171647055 0
1686630294439 0.35653074891462233 0
1686630294440 0.3538067022859323 0
1686630294441 0.3507458757593552 0
1686630294442 0.34800858316472494 0
1686630294447 0.344948078528869 0
1686630294448 0.3420420249316632 0
1686630294449 0.33945666548050496 0
1686630294453 0.3368872943123884 0
1686630294456 0.3341202907180154 0
1686630294457 0.3316842902928628 0
1686630294460 0.3288959294622394 0
1686630294464 0.3264133147631221 0
1686630294465 0.323945742926418 0
1686630294467 0.32140544105697516 0
1686630294469 0.318987072026394 0
1686630294478 0.3166654533021595 0
1686630294479 0.3145329760440668 0
1686630294481 0.31203866854511375 0
1686630294482 0.3099259635232912 0
1686630294483 0.3075132031649316 0
1686630294487 0.3055157665513108 0
1686630294488 0.30317891607621883 0
1686630294489 0.30088570880103144 0
1686630294490 0.2989144803077528 0
1686630294491 0.2967848616769239 0
1686630294492 0.2948834505174052 0
1686630294494 0.2928243412298919 0
1686630294495 0.2908693871384371 0
