1686630368454 0.761351052625744 0
1686630368454 0.7491617462125657 0
1686630368455 0.7372148877001734 0
1686630368456 0.7255143467914769 0
1686630368457 0.714046316763643 0
1686630368457 0.7028062409549356 0
1686630368458 0.6917853647445887 0
1686630368459 0.6809835888549495 0
1686630368460 0.670408788651286 0
1686630368461 0.6600246053536846 0
1686630368461 0.6498546256143414 0
1686630368462 0.6398994011666692 0
1686630368463 0.6301257760001479 0
1686630368463 0.6205412171194425 0
1686630368464 0.6111523599159441 0
1686630368465 0.6019600434099099 0
1686630368465 0.5929316078022021 0
1686630368466 0.5840744450742392 0
1686630368467 0.5753897484562174 0
1686630368468 0.5668900902423152 0
1686630368468 0.5585394828905488 0
1686630368469 0.5503397766901443 0
1686630368470 0.5423268321911009 0
1686630368470 0.5344497078125184 0
1686630368471 0.5267158073381768 0
1686630368472 0.5191289686437003 0
1686630368472 0.5117049022011756 0
1686630368473 0.504412214001253 0
1686630368474 0.4972582274480758 0
1686630368474 0.49026568782647484 0
1686630368475 0.4833602227756771 0
1686630368476 0.47657971575051955 0
1686630368477 0.46996353467809887 0
1686630368477 0.4634917901442858 0
1686630368478 0.45711787229536044 0
1686630368479 0.4508414245761097 0
1686630368479 0.4447007712809223 0
1686630368480 0.43867325754262154 0
1686630368481 0.43276356840488817 0
1686630368482 0.4269445080753261 0
1686630368482 0.42127458220740066 0
1686630368483 0.4156723633123547 0
1686630368484 0.41023610289989465 0
1686630368485 0.40483639933013527 0
1686630368485 0.39958730315383323 0
1686630368486 0.394417085220893 0
1686630368487 0.3893236810180459 0
1686630368487 0.38434443047760386 0
1686630368488 0.3794622395994978 0
1686630368489 0.37470351913303696 0
1686630368490 0.3699805296966754 0
1686630368490 0.36536361912523907 0
1686630368491 0.36086250968284184 0
1686630368492 0.35641379430430653 0
1686630368492 0.3520528880825401 0
1686630368493 0.34776341719879855 0
1686630368494 0.3435484416536445 0
1686630368494 0.3394451436063301 0
1686630368495 0.33540528670681957 0
1686630368496 0.33145269587546006 0
1686630368497 0.3275618768802621 0
1686630368497 0.3237436892450444 0
1686630368498 0.3200037427273808 0
1686630368499 0.31633260548128533 0
1686630368499 0.3127305999294199 0
1686630368500 0.30921516612156635 0
1686630368501 0.3057357692565374 0
1686630368501 0.30233021084400663 0
1686630368502 0.2989982217326051 0
1686630368503 0.2957258989327737 0
1686630368504 0.29250416510784316 0
1686630368504 0.2893282445214369 0
1686630368505 0.28624437804758 0
1686630368506 0.2832122136282203 0
1686630368506 0.2802245286427122 0
1686630368507 0.27722613583852296 0
1686630368508 0.274299580530788 0
1686630368508 0.2714800250241027 0
1686630368509 0.2686573447470462 0
1686630368510 0.26595814483886915 0
1686630368510 0.2632811374260617 0
1686630368511 0.26058809948843253 0
1686630368512 0.258026770466372 0
1686630368513 0.2554385540768197 0
1686630368513 0.25290821687402 0
1686630368514 0.2504121860422286 0
1686630368515 0.24797536265315576 0
1686630368515 0.24558391856694003 0
1686630368516 0.24324152252201825 0
1686630368517 0.24092360692104722 0
1686630368517 0.2385544150849366 0
1686630368518 0.2362834948668691 0
1686630368519 0.2339962957572324 0
1686630368519 0.2318054213558354 0
1686630368520 0.22960279703983047 0
1686630368521 0.22748440555098032 0
1686630368522 0.2253667561280342 0
1686630368522 0.2232923498501899 0
1686630368523 0.22129960696734638 0
1686630368524 0.2193213489475373 0
