1686630406880 0.7155082911943524 0
1686630406881 0.6628793455415837 0
1686630406881 0.6152526046244672 0
1686630406882 0.572274426176306 0
1686630406883 0.533283565585482 0
1686630406884 0.49799732071328917 0
1686630406884 0.4659746559951972 0
1686630406885 0.4369838758652104 0
1686630406886 0.41048338867854123 0
1686630406886 0.3864989258923041 0
1686630406887 0.36466203651249435 0
1686630406888 0.3441876406398181 0
1686630406889 0.326057901462004 0
1686630406889 0.30897233739531654 0
1686630406890 0.2935441487903159 0
1686630406891 0.2795153732871554 0
1686630406891 0.26700653683640374 0
1686630406892 0.2553892396397321 0
1686630406893 0.24499362544077913 0
1686630406894 0.23473249188256132 0
1686630406894 0.22570627122362721 0
1686630406895 0.21773871395518232 0
1686630406896 0.21009445821794193 0
1686630406896 0.20302474555546512 0
1686630406897 0.196728082084724 0
1686630406898 0.19103123009369014 0
1686630406899 0.18524745176787522 0
1686630406899 0.18015580352497906 0
1686630406900 0.17559503254726763 0
1686630406901 0.17114337613911262 0
1686630406901 0.16747335669951893 0
1686630406902 0.1635444927369596 0
1686630406903 0.1604274507599189 0
1686630406904 0.1572891798772125 0
1686630406904 0.15426024159673557 0
1686630406905 0.15141071072517884 0
1686630406906 0.14890393759518777 0
1686630406906 0.14672995756892782 0
1686630406907 0.14466126036278104 0
1686630406909 0.1426017364805257 0
1686630406910 0.1407687727437755 0
1686630406911 0.13910708349161538 0
1686630406912 0.13723419624593547 0
1686630406912 0.1356688325712826 0
1686630406913 0.13400642095147622 0
1686630406914 0.1323532774358604 0
1686630406914 0.13084054313747723 0
1686630406916 0.12952802307684272 0
1686630406916 0.1283247822880193 0
1686630406917 0.12677207900802492 0
1686630406918 0.1253666324867648 0
1686630406918 0.12436719333233784 0
1686630406919 0.12339120945199127 0
1686630406920 0.12222894027612079 0
1686630406921 0.1213612177316498 0
1686630406921 0.12045612849084758 0
1686630406922 0.11968157102458345 0
1686630406923 0.11893390502657945 0
1686630406924 0.11821435229092064 0
1686630406924 0.11759162584724678 0
1686630406925 0.11671107633057373 0
1686630406926 0.11616494174257581 0
1686630406926 0.1154282101148627 0
1686630406927 0.11476143877764225 0
1686630406928 0.1142432443067521 0
1686630406928 0.11377327454782087 0
1686630406929 0.11327254091619324 0
1686630406930 0.11278075609290444 0
1686630406931 0.11231677615128595 0
1686630406931 0.11186824384793752 0
1686630406932 0.11137409952947507 0
1686630406933 0.11096246879103519 0
1686630406934 0.11051093998118999 0
1686630406935 0.11008684470359274 0
1686630406935 0.10966787402012648 0
1686630406936 0.10926397692276055 0
1686630406937 0.1088178848887871 0
1686630406937 0.10845600164119762 0
1686630406938 0.10813366178807647 0
1686630406939 0.10773165925931472 0
1686630406940 0.10736201540189907 0
1686630406940 0.10706374633623476 0
1686630406941 0.1067196639599537 0
1686630406942 0.10636356764125371 0
1686630406943 0.10601075740807206 0
1686630406944 0.10572316093783268 0
1686630406944 0.10540220310719466 0
1686630406945 0.10508580851999305 0
1686630406946 0.1048188277945337 0
1686630406946 0.10458636980640625 0
1686630406947 0.10435758074812816 0
1686630406948 0.10413781328299777 0
1686630406949 0.10375799075991196 0
1686630406949 0.10348680689828661 0
1686630406950 0.10332944229515383 0
1686630406951 0.10307066718487432 0
1686630406952 0.1028131111246178 0
1686630406953 0.10243240335807634 0
1686630406953 0.1021829325086033 0
1686630406954 0.10196670530551558 0
