1686630456125 0.6709394879113625 0
1686630456126 0.5855427561606227 0
1686630456126 0.5116672646745598 0
1686630456127 0.45221675624434715 0
1686630456128 0.40363523522959366 0
1686630456129 0.36312762837204793 0
1686630456129 0.3297759583035378 0
1686630456130 0.3015629926377484 0
1686630456131 0.27703231007561036 0
1686630456132 0.2570703274242634 0
1686630456133 0.23873669515441842 0
1686630456134 0.2247249245008123 0
1686630456135 0.21181229322793219 0
1686630456135 0.2012742712682327 0
1686630456136 0.1925954913436503 0
1686630456137 0.18411429975358898 0
1686630456137 0.17719600761764256 0
1686630456138 0.17183501416776556 0
1686630456139 0.16667429354527494 0
1686630456140 0.16234274086527808 0
1686630456140 0.15861740230361496 0
1686630456141 0.15508411386851625 0
1686630456142 0.15202480780216948 0
1686630456143 0.14937124026936596 0
1686630456143 0.1468758000680968 0
1686630456144 0.14478262728882788 0
1686630456145 0.14307627781378138 0
1686630456146 0.14119306297213152 0
1686630456146 0.13957573089494957 0
1686630456147 0.1383714574246228 0
1686630456148 0.13703164329499776 0
1686630456149 0.13602799408323066 0
1686630456149 0.13482283835012365 0
1686630456150 0.13377396364982388 0
1686630456151 0.13299369432010508 0
1686630456152 0.1321396431214512 0
1686630456152 0.1314413757735853 0
1686630456153 0.130780681617512 0
1686630456154 0.12997151638266158 0
1686630456155 0.12927366817506697 0
1686630456155 0.1285911183849736 0
1686630456156 0.12816283392207312 0
1686630456157 0.12772071160909673 0
1686630456157 0.12739741990298084 0
1686630456158 0.1269827434776006 0
1686630456159 0.1267264396765686 0
1686630456160 0.12630660192449458 0
1686630456160 0.12604893423692437 0
1686630456161 0.12587316467029686 0
1686630456162 0.12522522426729124 0
1686630456163 0.12496285005008768 0
1686630456163 0.12468513893443027 0
1686630456164 0.12396949921501178 0
1686630456165 0.12352329101689484 0
1686630456166 0.12302621373805041 0
1686630456166 0.12262210760126172 0
1686630456167 0.1224284266186694 0
1686630456168 0.12222092875291239 0
1686630456169 0.12209373413797478 0
1686630456169 0.1216038613639388 0
1686630456170 0.12139936231264976 0
1686630456171 0.12107402844531218 0
1686630456172 0.12059477671878024 0
1686630456172 0.12048650234571742 0
1686630456173 0.1203843061805767 0
1686630456174 0.12005301949423429 0
1686630456175 0.11996844146290662 0
1686630456175 0.11936337995401436 0
1686630456176 0.1192119399083307 0
1686630456177 0.11876731393731378 0
1686630456178 0.11846345256776111 0
1686630456178 0.1183898367935449 0
1686630456179 0.11801213752932149 0
1686630456180 0.11791338025322881 0
1686630456180 0.11748589870337081 0
1686630456181 0.11700803916377749 0
1686630456182 0.11668019134773953 0
1686630456183 0.1164588823569391 0
1686630456184 0.11615454098279754 0
1686630456184 0.11609045407991064 0
1686630456185 0.1160289905603835 0
1686630456186 0.11564563636350411 0
1686630456187 0.1153068153154597 0
1686630456187 0.11525488929425633 0
1686630456188 0.11499542256783563 0
1686630456189 0.11462090193079685 0
1686630456189 0.11422729786876373 0
1686630456190 0.11383010809498278 0
1686630456191 0.11363699958270325 0
1686630456192 0.11331023734680828 0
1686630456192 0.11273715410133293 0
1686630456193 0.11237364962533293 0
1686630456194 0.11204693543100132 0
1686630456195 0.11139216231068935 0
1686630456196 0.11135271060833582 0
1686630456197 0.1109551727840531 0
1686630456198 0.11083395411475622 0
1686630456198 0.11050481321369048 0
1686630456199 0.11016585562769826 0
1686630456200 0.10961709867389205 0
