1686630476432 0.6550448686864587 0
1686630476433 0.5587813080684999 0
1686630476434 0.4806284637682047 0
1686630476434 0.416443071564991 0
1686630476435 0.3636744975128655 0
1686630476436 0.3207849989312482 0
1686630476437 0.2857950603977044 0
1686630476437 0.25658717110134055 0
1686630476438 0.2326379594141175 0
1686630476439 0.2121135886021016 0
1686630476440 0.19493051115303772 0
1686630476440 0.18082401577212195 0
1686630476441 0.16904417250606524 0
1686630476442 0.15922453048227306 0
1686630476443 0.15080283571925487 0
1686630476444 0.1426234983982255 0
1686630476444 0.13596935572959326 0
1686630476445 0.13017605912210672 0
1686630476446 0.125379627556054 0
1686630476447 0.12110816810599677 0
1686630476447 0.11776995626289762 0
1686630476448 0.11471489982643689 0
1686630476449 0.11209753777256515 0
1686630476450 0.10992618639263918 0
1686630476450 0.10787874725717585 0
1686630476451 0.10542978260600043 0
1686630476452 0.10324137915057499 0
1686630476453 0.10150699354398393 0
1686630476454 0.10020629446545422 0
1686630476454 0.09873533353948938 0
1686630476455 0.09701554642977948 0
1686630476456 0.0956509921191123 0
1686630476457 0.09446600440936463 0
1686630476457 0.09296952299769316 0
1686630476459 0.09193125566371349 0
1686630476459 0.09083753420150299 0
1686630476460 0.08979876936601794 0
1686630476461 0.08920240195988348 0
1686630476462 0.08847633477379266 0
1686630476462 0.08775830929663249 0
1686630476463 0.08683023757441846 0
1686630476464 0.08603993520330575 0
1686630476465 0.08515496049296224 0
1686630476465 0.084770987363566 0
1686630476466 0.08390515156106342 0
1686630476467 0.08340995102969516 0
1686630476468 0.083191411167459 0
1686630476468 0.08275300535500019 0
1686630476469 0.08216197700105536 0
1686630476470 0.08141417876684429 0
1686630476471 0.08089149498595616 0
1686630476471 0.08053056518232352 0
1686630476472 0.08022429078959059 0
1686630476473 0.0797769250990815 0
1686630476474 0.07921162035813138 0
1686630476474 0.078992349033935 0
1686630476475 0.07873577422154737 0
1686630476476 0.07816010944010428 0
1686630476477 0.07811679253689467 0
1686630476478 0.07769526010487164 0
1686630476478 0.07722431497835983 0
1686630476479 0.07673276913347897 0
1686630476480 0.07646579983165956 0
1686630476481 0.07591300367781774 0
1686630476481 0.07588404559439893 0
1686630476482 0.07543039445213763 0
1686630476483 0.0752444814904702 0
1686630476483 0.0746230856053496 0
1686630476484 0.0742510750713023 0
1686630476485 0.0740109745896714 0
1686630476486 0.07390872948062173 0
1686630476486 0.07372349158887848 0
1686630476487 0.0732863938163978 0
1686630476488 0.07323621769568141 0
1686630476489 0.07310851541782525 0
1686630476489 0.07282374013560897 0
1686630476490 0.0722188789703503 0
1686630476491 0.07160083117788449 0
1686630476492 0.07155310957992395 0
1686630476492 0.07151989094769584 0
1686630476493 0.07110454769832662 0
1686630476494 0.07072068086708902 0
1686630476495 0.07035960612360692 0
1686630476495 0.07033389137440668 0
1686630476496 0.07028964573353923 0
1686630476497 0.06984828188977711 0
1686630476498 0.06977515431138234 0
1686630476498 0.06974197214596663 0
1686630476499 0.06935627924450523 0
1686630476500 0.06882640266703328 0
1686630476501 0.06845795136373165 0
1686630476502 0.06806078360836969 0
1686630476502 0.06773089631868597 0
1686630476504 0.06720576239981953 0
1686630476504 0.06716343157213296 0
1686630476505 0.06664378006395924 0
1686630476506 0.06633442206258859 0
1686630476507 0.06630162430829198 0
1686630476507 0.06598677218198316 0
1686630476508 0.06564113007723008 0
