1686630443200 0.6719362228643361 0
1686630443201 0.5949321749115776 0
1686630443202 0.5331704197942797 0
1686630443202 0.4820042100665961 0
1686630443203 0.43022260096410886 0
1686630443204 0.39038357316489264 0
1686630443205 0.3546167750876538 0
1686630443206 0.32811471150094584 0
1686630443207 0.30393588944880295 0
1686630443208 0.28282443388309864 0
1686630443209 0.26651356913135116 0
1686630443211 0.25126641296543833 0
1686630443212 0.23867425593920566 0
1686630443213 0.2275353584457737 0
1686630443214 0.21860476721502362 0
1686630443215 0.2092690598836921 0
1686630443217 0.20183373658586704 0
1686630443218 0.1951843958757459 0
1686630443219 0.18908809297535764 0
1686630443220 0.18418178636794966 0
1686630443222 0.18014267108856308 0
1686630443223 0.1761868009056045 0
1686630443224 0.17255681089268474 0
1686630443225 0.16889120818894793 0
1686630443227 0.16624788329849027 0
1686630443228 0.16358946497279783 0
1686630443229 0.1610827594909728 0
1686630443230 0.15908244443431027 0
1686630443231 0.15708234972290114 0
1686630443232 0.1553966990787295 0
1686630443234 0.1539838468155795 0
1686630443235 0.1525425562643553 0
1686630443236 0.15125985485833215 0
1686630443237 0.15008640240538765 0
1686630443238 0.1490420710665575 0
1686630443240 0.14797491488036488 0
1686630443241 0.147189738812142 0
1686630443242 0.1464076424342168 0
1686630443243 0.14558471057309832 0
1686630443244 0.14500764004791644 0
1686630443245 0.14449157349554248 0
1686630443246 0.1437412872668502 0
1686630443247 0.14301021485618337 0
1686630443248 0.14249960204756829 0
1686630443248 0.14187406374360154 0
1686630443249 0.14130127202168957 0
1686630443250 0.140961378852319 0
1686630443251 0.14061387871363976 0
1686630443251 0.14016649542586732 0
1686630443252 0.13987870737878 0
1686630443253 0.13966238074847132 0
1686630443254 0.13939638415845043 0
1686630443254 0.1387766194093054 0
1686630443255 0.13847258113987587 0
1686630443256 0.138022837171903 0
1686630443257 0.137736628411673 0
1686630443258 0.13757647482544474 0
1686630443259 0.13743089471641992 0
1686630443259 0.1370006047026914 0
1686630443260 0.13663292009456268 0
1686630443261 0.13645520098299768 0
1686630443262 0.13624290151233678 0
1686630443262 0.13611748406931976 0
1686630443263 0.13597228516157955 0
1686630443264 0.13533264281378274 0
1686630443265 0.13503926260863083 0
1686630443266 0.13490516408553158 0
1686630443266 0.13472644739777176 0
1686630443267 0.1344925007278678 0
1686630443268 0.13440439610019156 0
1686630443268 0.134048205625623 0
1686630443269 0.13389316793805936 0
1686630443270 0.13373106167515678 0
1686630443271 0.1335645458731594 0
1686630443272 0.13338804011515618 0
1686630443273 0.13318615978261025 0
1686630443274 0.13305916129215226 0
1686630443275 0.13299470993699183 0
1686630443276 0.1328925331315285 0
1686630443277 0.13277302918477793 0
1686630443278 0.13263784821451705 0
1686630443280 0.13240791962180287 0
1686630443281 0.13208434236004374 0
1686630443282 0.13150927618347938 0
1686630443283 0.13142526299522808 0
1686630443285 0.13123495750969782 0
1686630443286 0.13097106597893227 0
1686630443287 0.1309132347878906 0
1686630443287 0.13081866100743933 0
1686630443288 0.13071307923723569 0
1686630443289 0.1304902468241264 0
1686630443290 0.13018607730087275 0
1686630443290 0.12931376371437092 0
1686630443291 0.1289724183609476 0
1686630443292 0.12881523471225875 0
1686630443293 0.12864537210168095 0
1686630443293 0.12852643803170544 0
1686630443294 0.1282634476457698 0
1686630443295 0.12812350133490422 0
1686630443296 0.12780444431447505 0
