1686630486964 0.6567699630742783 0
1686630486965 0.5619947961060325 0
1686630486966 0.4831349782544744 0
1686630486967 0.4187229387863958 0
1686630486968 0.36541113259866925 0
1686630486969 0.3222435226514335 0
1686630486970 0.28566061671468485 0
1686630486970 0.2557485464811824 0
1686630486971 0.2314538318812337 0
1686630486972 0.21083842658077082 0
1686630486973 0.19404308610248644 0
1686630486973 0.1794877163678912 0
1686630486974 0.16804928290167154 0
1686630486975 0.15755145876609575 0
1686630486976 0.14897920201173565 0
1686630486977 0.14129386137661423 0
1686630486977 0.13541350461302024 0
1686630486978 0.13016112192734183 0
1686630486979 0.12537507828776062 0
1686630486980 0.1213062448127417 0
1686630486981 0.1178454108138308 0
1686630486981 0.11475499175047701 0
1686630486982 0.11200145042571005 0
1686630486983 0.10982445822977296 0
1686630486984 0.10781193308289898 0
1686630486985 0.10599245463148227 0
1686630486986 0.10440937156465582 0
1686630486986 0.103012536429044 0
1686630486987 0.10164046177266742 0
1686630486988 0.10020239783347878 0
1686630486989 0.09905139583514222 0
1686630486989 0.09786622948672821 0
1686630486990 0.09689260582834203 0
1686630486991 0.09619155841583737 0
1686630486992 0.09538649508893365 0
1686630486992 0.09447994980233258 0
1686630486993 0.09351342942143254 0
1686630486994 0.09252554442053655 0
1686630486995 0.09175159999047572 0
1686630486996 0.09110131540792372 0
1686630486997 0.09042028801959855 0
1686630486998 0.08945276384299156 0
1686630487000 0.0886130634966207 0
1686630487001 0.08793834451403162 0
1686630487002 0.08748632154041551 0
1686630487003 0.08691250693434638 0
1686630487004 0.08638656700658931 0
1686630487004 0.08560283053659823 0
1686630487005 0.08515604217978888 0
1686630487006 0.08475806004005695 0
1686630487007 0.08425210987553262 0
1686630487007 0.08353677646443278 0
1686630487008 0.08317108844525341 0
1686630487009 0.08277524085714501 0
1686630487010 0.08249031704667899 0
1686630487010 0.08240715422125436 0
1686630487011 0.08178215381088796 0
1686630487012 0.08170246157395564 0
1686630487013 0.08125243830083408 0
1686630487013 0.080891832977003 0
1686630487014 0.08085590698057044 0
1686630487015 0.08058145679349171 0
1686630487016 0.08005929709005286 0
1686630487017 0.07983925803922269 0
1686630487017 0.07944206971795725 0
1686630487018 0.07940290543598254 0
1686630487019 0.07936597029210868 0
1686630487020 0.07896856543597813 0
1686630487020 0.07872359222226878 0
1686630487021 0.07834174843659907 0
1686630487022 0.07798542860559503 0
1686630487023 0.07743007655280254 0
1686630487023 0.07719266203064433 0
1686630487024 0.07709854595560676 0
1686630487025 0.07678506806444192 0
1686630487026 0.07676477306852261 0
1686630487026 0.07604586461498888 0
1686630487027 0.07602233413005455 0
1686630487028 0.07554610569678216 0
1686630487029 0.07520132809269757 0
1686630487029 0.074089577402717 0
1686630487030 0.07381347120119325 0
1686630487031 0.07348074081750605 0
1686630487032 0.07327065423530502 0
1686630487033 0.0731806987732513 0
1686630487033 0.07296289752747481 0
1686630487034 0.07262776494199556 0
1686630487035 0.07258241055090432 0
1686630487036 0.07220774179785974 0
1686630487037 0.07215341925699902 0
1686630487038 0.07166679351757917 0
1686630487038 0.07132380748616039 0
1686630487039 0.0710671338702458 0
1686630487040 0.07065323909797436 0
1686630487041 0.07024577235274394 0
1686630487042 0.06995106341551287 0
1686630487042 0.06980626142483337 0
1686630487043 0.06958409735599572 0
1686630487044 0.06937000466631862 0
1686630487045 0.06899670971165833 0
