1686630403513 0.7195074725765087 0
1686630403514 0.669364472356025 0
1686630403514 0.6258231700963462 0
1686630403516 0.5842076015061485 0
1686630403517 0.5488349518077641 0
1686630403518 0.5154036417535005 0
1686630403518 0.4839688633690946 0
1686630403519 0.45613104941398785 0
1686630403520 0.43059640521596454 0
1686630403520 0.40647486855844334 0
1686630403521 0.3847868694681268 0
1686630403522 0.3668087973084541 0
1686630403523 0.3488825151604435 0
1686630403524 0.3327478358969538 0
1686630403525 0.317710706176942 0
1686630403526 0.30352181494926195 0
1686630403526 0.29166627570849635 0
1686630403527 0.27993413289308205 0
1686630403528 0.2694015997984025 0
1686630403529 0.2597665185071288 0
1686630403529 0.25060974851829404 0
1686630403530 0.24262582381028985 0
1686630403531 0.23507854159080557 0
1686630403532 0.22813613413709485 0
1686630403532 0.2220595644347392 0
1686630403533 0.21585649839642637 0
1686630403534 0.21008571517629945 0
1686630403535 0.20527063686281696 0
1686630403536 0.20080063542480825 0
1686630403536 0.19582263553058826 0
1686630403537 0.19141748244378243 0
1686630403538 0.18753076717653272 0
1686630403538 0.1838248570661575 0
1686630403539 0.18051506133265555 0
1686630403540 0.17746714623440754 0
1686630403541 0.1745657336325507 0
1686630403541 0.17189213937558134 0
1686630403542 0.16934444357192321 0
1686630403543 0.16687834406420304 0
1686630403543 0.1644227897547865 0
1686630403544 0.1620830608560683 0
1686630403545 0.16016146004762313 0
1686630403546 0.1583250248445611 0
1686630403546 0.15664221259743683 0
1686630403547 0.15522111984239828 0
1686630403548 0.15369008948045168 0
1686630403548 0.1521581917842382 0
1686630403549 0.15087727877397214 0
1686630403550 0.1496689627518048 0
1686630403551 0.14849316166625057 0
1686630403551 0.14727199435176935 0
1686630403552 0.146211988698579 0
1686630403553 0.14518291948186843 0
1686630403553 0.14426845781101028 0
1686630403554 0.14323669113184945 0
1686630403555 0.14229242349283713 0
1686630403556 0.14149648333544146 0
1686630403556 0.14064538478290475 0
1686630403557 0.13999728602328176 0
1686630403558 0.13923985045224477 0
1686630403559 0.13860869718956947 0
1686630403559 0.13769968348892556 0
1686630403560 0.13711511244585067 0
1686630403561 0.13652527673068562 0
1686630403561 0.1359761275969431 0
1686630403562 0.13545305868924082 0
1686630403563 0.13500548488098932 0
1686630403564 0.13453203633525035 0
1686630403564 0.13409621999977647 0
1686630403565 0.1335132281614739 0
1686630403566 0.13314548492736863 0
1686630403566 0.13274548605604714 0
1686630403567 0.13240403660338582 0
1686630403568 0.1320320172579499 0
1686630403569 0.1314926127032699 0
1686630403569 0.13110105055484209 0
1686630403570 0.1307718542839051 0
1686630403571 0.13031734397853617 0
1686630403572 0.13008600867938241 0
1686630403572 0.12981952116695938 0
1686630403573 0.12958519642648234 0
1686630403574 0.12922699070944793 0
1686630403574 0.1289688774104809 0
1686630403575 0.12870583356569276 0
1686630403576 0.12843687869693723 0
1686630403577 0.12823328105362045 0
1686630403577 0.12795699608596003 0
1686630403578 0.12781817146204133 0
1686630403579 0.12758167690441255 0
1686630403579 0.12738152971741667 0
1686630403580 0.1272661913423725 0
1686630403581 0.12707802912034818 0
1686630403582 0.12665688207925144 0
1686630403582 0.1263885168797382 0
1686630403583 0.1262303934010551 0
1686630403584 0.12600834547253711 0
1686630403585 0.12575078213060056 0
1686630403586 0.12556723614067106 0
1686630403586 0.1254745136369694 0
1686630403587 0.12528005183930585 0
