1686630433723 0.7144836009114226 0
1686630433724 0.6606229861840434 0
1686630433725 0.6113319240975693 0
1686630433725 0.5667187066089536 0
1686630433726 0.5261160636551665 0
1686630433727 0.4891879461734816 0
1686630433728 0.45575738645841224 0
1686630433729 0.42521528948662096 0
1686630433729 0.3979586137241045 0
1686630433730 0.37266473230251995 0
1686630433731 0.3496655453945641 0
1686630433732 0.3285168763524602 0
1686630433732 0.30969789109327295 0
1686630433733 0.29234109614434517 0
1686630433734 0.2766748095974138 0
1686630433735 0.2623787570954346 0
1686630433736 0.24931140664717788 0
1686630433736 0.23716748882479238 0
1686630433737 0.2261169389322179 0
1686630433738 0.21588086432596063 0
1686630433738 0.2066266143945342 0
1686630433739 0.19824498100146093 0
1686630433740 0.19078897118717666 0
1686630433741 0.18381791568455402 0
1686630433741 0.17735310584210223 0
1686630433742 0.17126359377550282 0
1686630433743 0.16576009982512085 0
1686630433744 0.16048634889120156 0
1686630433744 0.1556861242713059 0
1686630433745 0.1514033678542451 0
1686630433746 0.14742871384916806 0
1686630433747 0.14384348338524638 0
1686630433747 0.14064977277983468 0
1686630433748 0.13743863399549325 0
1686630433749 0.13458724850394732 0
1686630433750 0.13189746733578078 0
1686630433750 0.12917571493200447 0
1686630433751 0.1270129714061507 0
1686630433752 0.1248386481323536 0
1686630433753 0.12278903982158085 0
1686630433753 0.12107440946060004 0
1686630433754 0.11926531047539259 0
1686630433755 0.11772915941045696 0
1686630433756 0.11604932078354128 0
1686630433756 0.11470924609429453 0
1686630433757 0.11309914277758426 0
1686630433758 0.11185459686445463 0
1686630433758 0.110591156904762 0
1686630433759 0.10944297907071009 0
1686630433760 0.10839279855857198 0
1686630433761 0.10736171034926535 0
1686630433761 0.10640990454174144 0
1686630433762 0.10548661776666074 0
1686630433763 0.10455023660332366 0
1686630433764 0.10373787096740665 0
1686630433764 0.10298807427930984 0
1686630433765 0.10214292672470608 0
1686630433766 0.10141309090267668 0
1686630433767 0.1007084342092535 0
1686630433767 0.09992177052636797 0
1686630433768 0.0993120032670976 0
1686630433769 0.09856630325218228 0
1686630433770 0.09798311570137763 0
1686630433770 0.09734366447850824 0
1686630433771 0.09681937350152489 0
1686630433772 0.09611849143485769 0
1686630433772 0.0955382431669572 0
1686630433773 0.09503027861123864 0
1686630433774 0.09450534487754456 0
1686630433775 0.0940596414871409 0
1686630433775 0.09357200911681825 0
1686630433776 0.09316782650133965 0
1686630433777 0.09259623769736262 0
1686630433777 0.09212630093405484 0
1686630433778 0.09169510650650166 0
1686630433779 0.09126798971428839 0
1686630433780 0.09054855870792136 0
1686630433780 0.09022552891495776 0
1686630433781 0.08980195564023752 0
1686630433782 0.0894305585439327 0
1686630433782 0.08912183708925887 0
1686630433783 0.08863349755699897 0
1686630433784 0.088279696970016 0
1686630433785 0.08789308043510763 0
1686630433786 0.0875301456279173 0
1686630433786 0.08725078051198253 0
1686630433787 0.08688747999860372 0
1686630433788 0.08650580308672987 0
1686630433789 0.08623119114460036 0
1686630433789 0.08585416520965941 0
1686630433790 0.08562250898519021 0
1686630433791 0.0852659536290806 0
1686630433791 0.08482844259078595 0
1686630433792 0.08460258514630997 0
1686630433793 0.08424866680587478 0
1686630433794 0.08392146834528705 0
1686630433795 0.08311244325710261 0
1686630433796 0.08296691072388734 0
1686630433796 0.08274133626778044 0
1686630433797 0.08258803910860749 0
