1686630410742 0.7156302046861162 0
1686630410743 0.6630471984938475 0
1686630410750 0.6153572068823671 0
1686630410751 0.5724183844777332 0
1686630410760 0.5336465768208275 0
1686630410761 0.4982989462464139 0
1686630410763 0.46595074079356114 0
1686630410764 0.4366251441071065 0
1686630410765 0.4098334147665784 0
1686630410766 0.3858883545363628 0
1686630410767 0.3638976825137493 0
1686630410777 0.3441465108643872 0
1686630410778 0.3260913023765987 0
1686630410779 0.3094544498129306 0
1686630410780 0.29406143856398376 0
1686630410781 0.2802629790896436 0
1686630410782 0.26730662281770845 0
1686630410787 0.2552624859743833 0
1686630410789 0.24434039806319816 0
1686630410790 0.23419400629223294 0
1686630410791 0.22492971312594884 0
1686630410800 0.21705927219354348 0
1686630410801 0.20945770705116346 0
1686630410802 0.2025211652896947 0
1686630410803 0.1961312393268038 0
1686630410804 0.19037197647564508 0
1686630410805 0.1849915147212159 0
1686630410807 0.17977133481880359 0
1686630410815 0.1750302036313571 0
1686630410816 0.17098079326026544 0
1686630410818 0.16703776772203935 0
1686630410819 0.1631771103357892 0
1686630410820 0.15991069423528861 0
1686630410821 0.1566022109377972 0
1686630410822 0.15387418523742194 0
1686630410823 0.15094933941797525 0
1686630410824 0.1486391288365017 0
1686630410826 0.1462065500222005 0
1686630410827 0.1437218043951198 0
1686630410828 0.14172191683929114 0
1686630410829 0.139915094985842 0
1686630410830 0.13803808389307032 0
1686630410838 0.13629095957928425 0
1686630410842 0.13470397099637896 0
1686630410844 0.13330071621575612 0
1686630410845 0.13189110231498946 0
1686630410846 0.1304226090135438 0
1686630410848 0.1291575107434554 0
1686630410849 0.12805289687240126 0
1686630410850 0.12693731361490532 0
1686630410852 0.12548731788360112 0
1686630410854 0.12456213900049579 0
1686630410855 0.12341652667960398 0
1686630410858 0.1222578733659456 0
1686630410859 0.12139779062817671 0
1686630410861 0.12057440028228131 0
1686630410862 0.11982269998017601 0
1686630410865 0.1191337243866573 0
1686630410866 0.11845760546916395 0
1686630410869 0.11770118285875145 0
1686630410870 0.11707104864066277 0
1686630410871 0.11648547787579427 0
1686630410873 0.11593452518148756 0
1686630410874 0.1153295843974326 0
1686630410875 0.11468759727768708 0
1686630410877 0.11415853076299162 0
1686630410878 0.11343640178512468 0
1686630410879 0.11297571885887098 0
1686630410880 0.11254249492274888 0
1686630410882 0.11202428234444657 0
1686630410883 0.11153431343811676 0
1686630410885 0.11112371812565597 0
1686630410886 0.11067444410360482 0
1686630410887 0.11031266938849132 0
1686630410888 0.10985577693475267 0
1686630410893 0.10944823382549172 0
1686630410894 0.10893809610849745 0
1686630410895 0.10864215456532486 0
1686630410897 0.10835984549822389 0
1686630410898 0.10799135540002917 0
1686630410899 0.10763464824528796 0
1686630410900 0.10724109465419811 0
1686630410901 0.10688694541790837 0
1686630410903 0.10656778868656147 0
1686630410904 0.10619792838959946 0
1686630410905 0.10587468332976709 0
1686630410906 0.10560475167498985 0
1686630410907 0.10528403812519456 0
1686630410909 0.10505306325473425 0
1686630410910 0.10480112187540025 0
1686630410911 0.10446031327247417 0
1686630410912 0.10411748632806213 0
1686630410914 0.1038981297355475 0
1686630410916 0.10365547057808752 0
1686630410917 0.10336066776883523 0
1686630410918 0.10316050372090779 0
1686630410919 0.10293535267720245 0
1686630410922 0.10257650819418908 0
1686630410924 0.10236347354418149 0
1686630410930 0.10218994639187728 0
