1686630394083 0.719566326976977 0
1686630394084 0.6705335732694953 0
1686630394084 0.6262026506732952 0
1686630394085 0.5859231810003601 0
1686630394086 0.549468762925979 0
1686630394087 0.5157124288669918 0
1686630394088 0.4851836847059723 0
1686630394088 0.4572841021548568 0
1686630394089 0.43212081372497557 0
1686630394090 0.4082617559529608 0
1686630394090 0.3870727356948308 0
1686630394091 0.36750175609173497 0
1686630394092 0.34917568402499755 0
1686630394093 0.33220329984894864 0
1686630394093 0.31680110255803506 0
1686630394094 0.3027993295055589 0
1686630394095 0.2903314369229508 0
1686630394095 0.2786509504316505 0
1686630394096 0.26771593294898555 0
1686630394097 0.25821912560016774 0
1686630394098 0.2489628721741792 0
1686630394098 0.24100006088764658 0
1686630394099 0.2333519231052431 0
1686630394100 0.22664098058485616 0
1686630394100 0.21992172603234783 0
1686630394101 0.21397808380661104 0
1686630394102 0.2080281287083689 0
1686630394102 0.2030131550995373 0
1686630394103 0.19801653691132584 0
1686630394104 0.19369107617398884 0
1686630394105 0.18948748248325256 0
1686630394105 0.18575919888749262 0
1686630394106 0.18238740720666474 0
1686630394107 0.17885147647050625 0
1686630394107 0.17572335538372763 0
1686630394108 0.1730046637474108 0
1686630394109 0.17039733349715008 0
1686630394110 0.16792748823133763 0
1686630394110 0.16540943065025293 0
1686630394111 0.16307935640692725 0
1686630394112 0.1609648740721431 0
1686630394112 0.15892824198301522 0
1686630394113 0.1571784014776496 0
1686630394114 0.1555112187041652 0
1686630394114 0.15380594254082605 0
1686630394115 0.15224983720997387 0
1686630394116 0.15063641482831794 0
1686630394117 0.14929021244919227 0
1686630394117 0.14797670699795415 0
1686630394118 0.14662012335548152 0
1686630394119 0.14555006247518198 0
1686630394119 0.14444771935189296 0
1686630394120 0.1433604946281144 0
1686630394121 0.14214601053720038 0
1686630394123 0.1411719031806946 0
1686630394124 0.14027295475847262 0
1686630394125 0.13943566857162962 0
1686630394126 0.13862850136924845 0
1686630394127 0.13785090556880195 0
1686630394127 0.13714934135951462 0
1686630394128 0.13651436748576942 0
1686630394129 0.13588248476349427 0
1686630394129 0.13533808107950593 0
1686630394130 0.1348054095357484 0
1686630394131 0.13420320576374037 0
1686630394132 0.13370378450294787 0
1686630394132 0.13302714309026387 0
1686630394133 0.13256016640229545 0
1686630394134 0.1321206782592353 0
1686630394135 0.13170230480464987 0
1686630394136 0.1311983961178568 0
1686630394136 0.13080608374383978 0
1686630394137 0.13048050080010173 0
1686630394138 0.1301817302999157 0
1686630394138 0.12983028954228665 0
1686630394139 0.1293787539550744 0
1686630394140 0.12911990655955957 0
1686630394141 0.12883542702263545 0
1686630394142 0.12842560825814517 0
1686630394142 0.12796382386773225 0
1686630394143 0.12771915355825478 0
1686630394144 0.12739896236170348 0
1686630394145 0.12712096177568505 0
1686630394146 0.126729429566803 0
1686630394147 0.12632253297656426 0
1686630394148 0.12613169773537433 0
1686630394148 0.12578497705422623 0
1686630394149 0.12542724246378983 0
1686630394150 0.12510161315028634 0
1686630394151 0.12456286037844042 0
1686630394152 0.12426143126879756 0
1686630394153 0.12381212218718078 0
1686630394153 0.12357457116234265 0
1686630394154 0.12315846476915865 0
1686630394155 0.12298733453393888 0
1686630394156 0.12272980861119186 0
1686630394157 0.12235600124912971 0
1686630394157 0.12226202217696151 0
1686630394158 0.12209493712970515 0
1686630394159 0.12198510629328391 0
