1686630375274 0.7615735078452329 0
1686630375274 0.7495573459094808 0
1686630375275 0.7376731999937148 0
1686630375276 0.7261109367240353 0
1686630375277 0.714816658976086 0
1686630375277 0.703709928978575 0
1686630375278 0.6927545709631266 0
1686630375279 0.6819636584766645 0
1686630375279 0.6714159936496101 0
1686630375280 0.6609779359902956 0
1686630375281 0.6509190110666835 0
1686630375282 0.6409551201963444 0
1686630375282 0.631230397520694 0
1686630375283 0.6217026667481081 0
1686630375284 0.612234406666447 0
1686630375284 0.6029861831456831 0
1686630375285 0.5939846309397999 0
1686630375286 0.5852181819914895 0
1686630375286 0.5765073340794657 0
1686630375287 0.568077574836166 0
1686630375288 0.5597731660254506 0
1686630375288 0.5515781768448365 0
1686630375289 0.5435678003075088 0
1686630375290 0.5356801560183092 0
1686630375291 0.5280132609041303 0
1686630375291 0.5204128215891403 0
1686630375292 0.5129230550966026 0
1686630375293 0.5055652591380096 0
1686630375293 0.4983217294529795 0
1686630375294 0.49131108124360295 0
1686630375295 0.4844024800022471 0
1686630375295 0.4776776006435441 0
1686630375296 0.47098549517364224 0
1686630375297 0.4643663806714758 0
1686630375297 0.45795810930518294 0
1686630375298 0.4516363157522609 0
1686630375299 0.44543107409135085 0
1686630375299 0.43941905554623106 0
1686630375300 0.4335005591606393 0
1686630375301 0.4276360415541513 0
1686630375301 0.42195453929509613 0
1686630375302 0.4163817049415309 0
1686630375303 0.4108806141332044 0
1686630375304 0.4054830122188039 0
1686630375304 0.40017121228581776 0
1686630375305 0.39502616199865864 0
1686630375306 0.3899848637356834 0
1686630375307 0.385063205407622 0
1686630375307 0.38011285085508045 0
1686630375308 0.37533246057869263 0
1686630375309 0.3706234262698237 0
1686630375309 0.36599109533071006 0
1686630375310 0.3614300870486144 0
1686630375311 0.3569522164950712 0
1686630375312 0.3525589252450427 0
1686630375312 0.3482155878539474 0
1686630375313 0.34402147174833836 0
1686630375314 0.33988038781058355 0
1686630375314 0.33571340739766825 0
1686630375315 0.3317463019760365 0
1686630375316 0.3278340978461244 0
1686630375316 0.32393433617143796 0
1686630375317 0.32015425268826425 0
1686630375318 0.3163849967458673 0
1686630375319 0.3127999722074819 0
1686630375319 0.309238115611796 0
1686630375320 0.305706343713636 0
1686630375321 0.302261549139269 0
1686630375321 0.2988742936758778 0
1686630375322 0.2955362211600292 0
1686630375323 0.29224860353940235 0
1686630375323 0.2890975347469564 0
1686630375324 0.2858698579068155 0
1686630375325 0.28281587996759594 0
1686630375326 0.2797827169657078 0
1686630375326 0.27677868746115847 0
1686630375327 0.27386109109543644 0
1686630375328 0.27103157875731854 0
1686630375328 0.26820339378118174 0
1686630375329 0.2654232676907252 0
1686630375330 0.2627057533035647 0
1686630375330 0.2601158898194842 0
1686630375331 0.2574571239411245 0
1686630375332 0.2548834529420143 0
1686630375332 0.25236664147211735 0
1686630375333 0.24991533575308653 0
1686630375334 0.24745561510628275 0
1686630375335 0.24506584373363163 0
1686630375336 0.24271483100798089 0
1686630375336 0.24041348694004877 0
1686630375337 0.2381208451170448 0
1686630375338 0.2358918365382131 0
1686630375338 0.23361843944809677 0
1686630375339 0.2314282612941151 0
1686630375340 0.22925726840088223 0
1686630375341 0.22718846018683123 0
1686630375341 0.22517374310180058 0
1686630375342 0.223181508126188 0
1686630375343 0.2211784868774779 0
1686630375344 0.21925899093721393 0
