1686630350499 0.7627507517434635 0
1686630350500 0.7518099926357301 0
1686630350501 0.741194882913894 0
1686630350502 0.7305487612303183 0
1686630350503 0.7202144128653915 0
1686630350503 0.7101064722017648 0
1686630350504 0.7003724137516828 0
1686630350505 0.6907109204515018 0
1686630350506 0.6811613742636231 0
1686630350507 0.6718643917245573 0
1686630350507 0.662880360808473 0
1686630350508 0.6537333676338031 0
1686630350509 0.6448162197565644 0
1686630350510 0.6359587779412801 0
1686630350511 0.6276363695954995 0
1686630350512 0.6192268969480113 0
1686630350512 0.6108012390086012 0
1686630350513 0.6026841620451414 0
1686630350514 0.5946768277970829 0
1686630350515 0.5869007992762906 0
1686630350516 0.5795103448415031 0
1686630350517 0.5720232809074643 0
1686630350518 0.564816849109462 0
1686630350518 0.5579052882425217 0
1686630350520 0.5509505538836457 0
1686630350521 0.5440396140298794 0
1686630350521 0.5372890079240061 0
1686630350522 0.5305778307278753 0
1686630350523 0.5241690340021452 0
1686630350524 0.5176172479178871 0
1686630350525 0.5114997239000231 0
1686630350526 0.5052622994511188 0
1686630350526 0.49935785067278005 0
1686630350527 0.4932313059772645 0
1686630350528 0.4872496528017761 0
1686630350529 0.4816515748964626 0
1686630350530 0.4758703002054105 0
1686630350531 0.4703265132518906 0
1686630350532 0.46499674313365474 0
1686630350532 0.459567579889854 0
1686630350533 0.45430611865697784 0
1686630350534 0.44916022325496147 0
1686630350535 0.44395620506669903 0
1686630350536 0.4390512273488685 0
1686630350537 0.43423682203317066 0
1686630350538 0.4296004539925689 0
1686630350538 0.4250581559596278 0
1686630350539 0.42029278633236206 0
1686630350540 0.4156724336928493 0
1686630350541 0.41128941791815515 0
1686630350542 0.4068933000875372 0
1686630350543 0.4025116330191946 0
1686630350544 0.3984734348336195 0
1686630350545 0.39414275429526685 0
1686630350546 0.3900618885489224 0
1686630350547 0.3860013168328655 0
1686630350548 0.3820117144607582 0
1686630350550 0.3780085489456197 0
1686630350551 0.37433451769719617 0
1686630350552 0.3706113540563571 0
1686630350552 0.3668673543564017 0
1686630350553 0.36326543683825774 0
1686630350554 0.35952402583361043 0
1686630350555 0.35609345925619096 0
1686630350556 0.3528156340156774 0
1686630350557 0.3494383157725496 0
1686630350558 0.3461729760503991 0
1686630350558 0.3429593320309855 0
1686630350559 0.33971710471599453 0
1686630350560 0.336429589540653 0
1686630350561 0.3333635899938299 0
1686630350562 0.3302404249806401 0
1686630350563 0.3270810457640677 0
1686630350564 0.32410607076856374 0
1686630350565 0.3212242732291397 0
1686630350566 0.3182991880899287 0
1686630350566 0.3155665013268433 0
1686630350567 0.31270076976762584 0
1686630350568 0.309884508176212 0
1686630350569 0.30727428083812375 0
1686630350570 0.30477868372782607 0
1686630350571 0.3022748782207612 0
1686630350572 0.2996165800066078 0
1686630350573 0.29713336256324385 0
1686630350573 0.2946005469705329 0
1686630350574 0.2921284211820316 0
1686630350576 0.28973002106303036 0
1686630350576 0.2873549958414527 0
1686630350577 0.2850719631076743 0
1686630350578 0.2828172954457665 0
1686630350579 0.28073080247174265 0
1686630350580 0.27848582730601473 0
1686630350581 0.27628234059991735 0
1686630350582 0.274183279815048 0
1686630350583 0.27199499711441216 0
1686630350583 0.26989735924342395 0
1686630350584 0.2679724814082403 0
1686630350585 0.2659186292610898 0
1686630350586 0.2639395452857719 0
1686630350587 0.26192678419606313 0
