1686630400385 0.7197064436653021 0
1686630400386 0.6702838323155769 0
1686630400387 0.6250182891858481 0
1686630400388 0.5838559954005622 0
1686630400390 0.5471248599035419 0
1686630400391 0.5138023172175132 0
1686630400392 0.48312727702051794 0
1686630400393 0.45624882785826676 0
1686630400394 0.43131607143076434 0
1686630400396 0.4075730240194382 0
1686630400396 0.38609706142507916 0
1686630400397 0.36698082943714 0
1686630400398 0.34908033279904327 0
1686630400399 0.33283345295761835 0
1686630400399 0.31791625191984174 0
1686630400400 0.30446860132869974 0
1686630400401 0.29119007625741206 0
1686630400402 0.2799764190613776 0
1686630400402 0.26902732121508066 0
1686630400403 0.2595963607856406 0
1686630400404 0.25051865211828384 0
1686630400404 0.24204135224781717 0
1686630400405 0.2342952179452911 0
1686630400406 0.2274809725412407 0
1686630400408 0.22039364048485025 0
1686630400409 0.21403778026181203 0
1686630400410 0.2085899010005822 0
1686630400411 0.2035000367787849 0
1686630400411 0.19858085868208225 0
1686630400412 0.19409256300409064 0
1686630400413 0.1896466367639052 0
1686630400413 0.18616053776224026 0
1686630400414 0.18236574737509187 0
1686630400415 0.1792912469820935 0
1686630400416 0.17639453427261256 0
1686630400416 0.1736764604034228 0
1686630400417 0.17084537891825166 0
1686630400418 0.1683718476785568 0
1686630400418 0.16593737856322482 0
1686630400419 0.1637784684824964 0
1686630400420 0.1616280010800083 0
1686630400421 0.15972402366143854 0
1686630400421 0.1578514012248035 0
1686630400422 0.15585627211201392 0
1686630400423 0.15428488378963864 0
1686630400423 0.1526156253189136 0
1686630400424 0.1511152376142759 0
1686630400425 0.14960019621567458 0
1686630400425 0.14846385132918616 0
1686630400426 0.14718204853318975 0
1686630400427 0.1460577538979264 0
1686630400428 0.14496383641947344 0
1686630400428 0.14395166815180865 0
1686630400429 0.1429211673390069 0
1686630400430 0.14208156375935307 0
1686630400430 0.14119736630972013 0
1686630400431 0.14036811697195462 0
1686630400432 0.1395810060676639 0
1686630400433 0.13860296119223872 0
1686630400433 0.1378722106187785 0
1686630400434 0.13724223208113337 0
1686630400435 0.1366906452212519 0
1686630400435 0.1361821596046013 0
1686630400436 0.1356206491478142 0
1686630400437 0.1351509368484905 0
1686630400438 0.13465881059329943 0
1686630400438 0.1340531243872872 0
1686630400439 0.13354527254217533 0
1686630400440 0.1330004763262492 0
1686630400440 0.13260886109221728 0
1686630400441 0.13207413648239402 0
1686630400442 0.13159639940490267 0
1686630400443 0.1311546439097593 0
1686630400443 0.13078942534056137 0
1686630400444 0.13039205586398894 0
1686630400445 0.130022211427311 0
1686630400445 0.12959527336863488 0
1686630400446 0.12931637391577636 0
1686630400447 0.128921295215798 0
1686630400448 0.1284027071029678 0
1686630400448 0.12810148307180735 0
1686630400449 0.12777690668343955 0
1686630400450 0.12745208097466573 0
1686630400450 0.12713307632761867 0
1686630400451 0.12678670127948732 0
1686630400452 0.12643480764248385 0
1686630400453 0.12621194206343025 0
1686630400454 0.12572935880274758 0
1686630400454 0.1254023827357393 0
1686630400456 0.12514269466083047 0
1686630400456 0.12493527088370436 0
1686630400457 0.12444506521511178 0
1686630400458 0.12417370016102376 0
1686630400459 0.12398798817881157 0
1686630400460 0.12381510703832074 0
1686630400460 0.12361310046481855 0
1686630400461 0.12310115356207496 0
1686630400462 0.12297293461858906 0
1686630400462 0.12283759433654586 0
1686630400463 0.12267959935186985 0
