1686630415123 0.7159356642049999 0
1686630415124 0.6636501978116215 0
1686630415125 0.6162062542580578 0
1686630415126 0.5731924294951894 0
1686630415127 0.5335148155168333 0
1686630415127 0.49784594287525785 0
1686630415128 0.46593594222796014 0
1686630415129 0.4368232027764763 0
1686630415130 0.4103576791598038 0
1686630415130 0.3863429151965006 0
1686630415131 0.36458440219052984 0
1686630415132 0.3439001385896535 0
1686630415133 0.3260545009716055 0
1686630415135 0.309636781005845 0
1686630415136 0.2941104281886674 0
1686630415137 0.2799398796786553 0
1686630415138 0.2672279967219997 0
1686630415140 0.25515733644356364 0
1686630415141 0.24462208773064162 0
1686630415141 0.2349221512252568 0
1686630415143 0.2259209658355103 0
1686630415144 0.21753481917711834 0
1686630415145 0.21020457722203195 0
1686630415145 0.20331299379914666 0
1686630415146 0.19725745966966426 0
1686630415147 0.19145961024528596 0
1686630415147 0.18592751210621114 0
1686630415148 0.18050325113852167 0
1686630415149 0.17604537480047233 0
1686630415150 0.17154992700945354 0
1686630415151 0.16760715528836997 0
1686630415151 0.16417681598831688 0
1686630415152 0.16076763521815227 0
1686630415153 0.15758472365452053 0
1686630415154 0.15493140910565464 0
1686630415154 0.15218403496509117 0
1686630415155 0.1496471551443687 0
1686630415156 0.14710701673340337 0
1686630415156 0.14512842360565856 0
1686630415157 0.14292802611950572 0
1686630415158 0.14104018931041054 0
1686630415159 0.13925038005206283 0
1686630415159 0.1377360549697477 0
1686630415160 0.13623367033088138 0
1686630415161 0.1345132877532789 0
1686630415161 0.1330325193442357 0
1686630415162 0.1316606171361386 0
1686630415163 0.13039196688025256 0
1686630415163 0.12913694318793667 0
1686630415164 0.12783840460109147 0
1686630415165 0.12685727767771807 0
1686630415166 0.12588153895805299 0
1686630415166 0.12482800323699537 0
1686630415167 0.123603368326393 0
1686630415168 0.12273384888472169 0
1686630415169 0.12164812331059875 0
1686630415169 0.12086203765714268 0
1686630415170 0.12008944723462696 0
1686630415171 0.11933092954166073 0
1686630415172 0.11865898457333605 0
1686630415173 0.11801275232891269 0
1686630415174 0.11734038207064869 0
1686630415175 0.11668758534783266 0
1686630415177 0.11613894922810422 0
1686630415178 0.11557167135636111 0
1686630415179 0.11506406785511751 0
1686630415180 0.11435900467568816 0
1686630415181 0.11366512920183812 0
1686630415183 0.11319872264362968 0
1686630415184 0.11271303315513058 0
1686630415185 0.11230736801356246 0
1686630415186 0.1118148773513767 0
1686630415187 0.11143725300484868 0
1686630415189 0.11091594140695268 0
1686630415190 0.11045375732654293 0
1686630415191 0.11017388371639332 0
1686630415192 0.10975776954977877 0
1686630415193 0.10938345777687476 0
1686630415194 0.10896845814192657 0
1686630415196 0.10848355658545357 0
1686630415197 0.10816932978055478 0
1686630415199 0.10790932409980906 0
1686630415208 0.10755807862141656 0
1686630415214 0.10732367851536793 0
1686630415215 0.10690768245517253 0
1686630415217 0.10651703944629821 0
1686630415218 0.10615616945173889 0
1686630415219 0.10596214152789006 0
1686630415221 0.1056221794126133 0
1686630415222 0.10535435014429222 0
1686630415223 0.10512521011673953 0
1686630415224 0.10480147713119102 0
1686630415226 0.10454797877205264 0
1686630415227 0.10431088115940597 0
1686630415228 0.10403427026730744 0
1686630415229 0.10377256318989637 0
1686630415231 0.10351243884984189 0
1686630415232 0.1032619702139483 0
1686630415233 0.1032036905327433 0
1686630415235 0.10293957948444195 0
