1686630322496 0.7634500909006834 0
1686630322496 0.7536872815879877 0
1686630322498 0.744325824914441 0
1686630322499 0.7352679695610402 0
1686630322500 0.7263123276144662 0
1686630322501 0.7169107060256121 0
1686630322502 0.7074763668655827 0
1686630322503 0.6987125318155663 0
1686630322504 0.6901230970830449 0
1686630322505 0.6810836485774108 0
1686630322506 0.6730282862519005 0
1686630322508 0.6643066819636103 0
1686630322509 0.6564045324527956 0
1686630322510 0.6485817070937049 0
1686630322511 0.6408967554278521 0
1686630322512 0.6334204491254352 0
1686630322513 0.6263050962954106 0
1686630322515 0.6192399122311995 0
1686630322516 0.6124048594893663 0
1686630322517 0.6055641404190597 0
1686630322518 0.5988930484499316 0
1686630322519 0.5921602031305643 0
1686630322520 0.5857088585831011 0
1686630322521 0.5794529174653155 0
1686630322522 0.5729930631056822 0
1686630322523 0.5669338310882772 0
1686630322524 0.5602610999668707 0
1686630322525 0.5540464579355179 0
1686630322525 0.5481212989716285 0
1686630322526 0.54240116274503 0
1686630322528 0.5365099832030045 0
1686630322529 0.5301388309260808 0
1686630322530 0.5240269156301764 0
1686630322531 0.5185807885514924 0
1686630322532 0.5127285481861898 0
1686630322533 0.5074218187187204 0
1686630322534 0.5020783944543786 0
1686630322535 0.49703765295952046 0
1686630322536 0.4915782369073269 0
1686630322537 0.4868087407893502 0
1686630322538 0.4820977184233537 0
1686630322539 0.4774012804254035 0
1686630322539 0.4727188298400658 0
1686630322540 0.4679262814751216 0
1686630322541 0.46276124270092855 0
1686630322541 0.45832494959140657 0
1686630322542 0.45404193183120367 0
1686630322543 0.44966872620058895 0
1686630322544 0.4450323883379395 0
1686630322545 0.44048027997079225 0
1686630322547 0.4359175155029614 0
1686630322548 0.43143349470267556 0
1686630322549 0.42727679775290534 0
1686630322550 0.4234713082833672 0
1686630322551 0.4197706399269372 0
1686630322552 0.41614601045639243 0
1686630322553 0.4118870217199999 0
1686630322554 0.4077111144245401 0
1686630322555 0.40422592370795424 0
1686630322556 0.40063429052179544 0
1686630322558 0.39715770352055463 0
1686630322559 0.39348645211762656 0
1686630322560 0.38982004099402157 0
1686630322561 0.3860342401054434 0
1686630322562 0.38285803485655395 0
1686630322562 0.3797596193529957 0
1686630322563 0.37618832923728707 0
1686630322564 0.3726446416257185 0
1686630322565 0.3696944667345907 0
1686630322567 0.3662641882230346 0
1686630322568 0.36293418349096707 0
1686630322569 0.35999992474531073 0
1686630322569 0.3572753434025455 0
1686630322570 0.3541328381506004 0
1686630322571 0.3513878785343678 0
1686630322572 0.3487607472442393 0
1686630322573 0.3457081731130293 0
1686630322574 0.34273378888223516 0
1686630322575 0.34012857713420336 0
1686630322576 0.33722057337068406 0
1686630322577 0.3344036236662999 0
1686630322578 0.33193089100801176 0
1686630322579 0.32937529768563195 0
1686630322580 0.3266974099791041 0
1686630322580 0.3244432718439755 0
1686630322581 0.3222883354408881 0
1686630322582 0.3197404564888228 0
1686630322582 0.3172607600475591 0
1686630322583 0.31480066475148605 0
1686630322584 0.3126270662519101 0
1686630322585 0.31026166588588383 0
1686630322585 0.30823007616471954 0
1686630322586 0.3061570131062497 0
1686630322587 0.30392395056147975 0
1686630322588 0.30191018993508467 0
1686630322589 0.29973589456982147 0
1686630322590 0.29756878921923086 0
1686630322591 0.29539912864697376 0
1686630322592 0.29331699605906086 0
1686630322593 0.2913917952793436 0
