1686630345030 0.7626134279024042 0
1686630345031 0.751905394783085 0
1686630345033 0.7410171706453766 0
1686630345034 0.7306848118024526 0
1686630345036 0.7202458673876987 0
1686630345037 0.7101816038582806 0
1686630345038 0.7006091811860555 0
1686630345044 0.691235159846514 0
1686630345045 0.681518874334655 0
1686630345046 0.6723004706746646 0
1686630345047 0.6631574104516066 0
1686630345048 0.6540115728362229 0
1686630345048 0.6451836657518616 0
1686630345049 0.636681375026625 0
1686630345050 0.6282138108769789 0
1686630345053 0.6200928021336777 0
1686630345054 0.6120724054946154 0
1686630345060 0.6041272029217174 0
1686630345062 0.5964261974862661 0
1686630345063 0.5887181468670417 0
1686630345064 0.5811960526374726 0
1686630345065 0.5735076711914275 0
1686630345066 0.5659754508104314 0
1686630345067 0.5588860983174827 0
1686630345068 0.5518171480338258 0
1686630345068 0.5448279962251207 0
1686630345069 0.5380940641526862 0
1686630345070 0.5316335742786444 0
1686630345071 0.5253048113260197 0
1686630345071 0.5186703637684061 0
1686630345072 0.5124039013331005 0
1686630345073 0.5062961075778045 0
1686630345074 0.5002643970271433 0
1686630345075 0.49436683965378647 0
1686630345076 0.48833938569811275 0
1686630345078 0.48263398292545173 0
1686630345079 0.47711399232250357 0
1686630345080 0.47150097342145453 0
1686630345081 0.466018858250101 0
1686630345082 0.4607519935994481 0
1686630345083 0.4554858069349122 0
1686630345084 0.45042169620986644 0
1686630345085 0.4454831386384139 0
1686630345086 0.4403856262132683 0
1686630345088 0.4354000549504149 0
1686630345088 0.4305894880116121 0
1686630345089 0.4258896872989632 0
1686630345090 0.4211190393267496 0
1686630345090 0.4164295051029664 0
1686630345091 0.4119510704826696 0
1686630345092 0.4076023188269523 0
1686630345093 0.40327302998549386 0
1686630345094 0.3989600880614572 0
1686630345095 0.39475061342293505 0
1686630345096 0.3907393416352786 0
1686630345097 0.38656403730772465 0
1686630345099 0.38272524007792635 0
1686630345100 0.3788825879911575 0
1686630345101 0.3749109926754554 0
1686630345102 0.3711294713957475 0
1686630345103 0.36735703076791615 0
1686630345104 0.363688567287699 0
1686630345105 0.36008027749985955 0
1686630345106 0.35655748516781116 0
1686630345107 0.3532286590003049 0
1686630345108 0.34990192976823387 0
1686630345109 0.346537350687177 0
1686630345110 0.3432921691714897 0
1686630345112 0.3401348967344841 0
1686630345113 0.3370318182031377 0
1686630345115 0.33380557554195933 0
1686630345116 0.3307423440655647 0
1686630345117 0.32781667881119575 0
1686630345118 0.3247146914108848 0
1686630345119 0.3217725885206403 0
1686630345121 0.31875067264521145 0
1686630345122 0.3158977807685529 0
1686630345124 0.31313328665316476 0
1686630345125 0.31051702697672384 0
1686630345126 0.30780054427414694 0
1686630345127 0.30518465357228347 0
1686630345127 0.3026553834740291 0
1686630345128 0.30023671199801516 0
1686630345129 0.2977806393357126 0
1686630345130 0.29528879141665365 0
1686630345130 0.29279972792283354 0
1686630345131 0.2904355862502762 0
1686630345132 0.2880924591892786 0
1686630345132 0.2858277557021881 0
1686630345133 0.2835822808227162 0
1686630345135 0.2813345499841737 0
1686630345136 0.27909714381004136 0
1686630345137 0.2769605380985449 0
1686630345138 0.2748612320567078 0
1686630345139 0.2727895396018323 0
1686630345140 0.2707692709909495 0
1686630345141 0.2688915015726995 0
1686630345142 0.26682763576469276 0
1686630345143 0.2649000618965533 0
1686630345145 0.26289919253313276 0
