1686630315562 0.7643136485490973 0
1686630315563 0.7545999564449479 0
1686630315565 0.7453372200906574 0
1686630315566 0.7361771998719233 0
1686630315567 0.7271737261330385 0
1686630315568 0.7174060283127334 0
1686630315569 0.7087901915822411 0
1686630315571 0.7000851028358355 0
1686630315572 0.6915626651742096 0
1686630315573 0.6832015242781497 0
1686630315574 0.6752490454864574 0
1686630315575 0.6672019521967759 0
1686630315576 0.6594778930465123 0
1686630315577 0.6518690278993552 0
1686630315578 0.6445329900601849 0
1686630315580 0.6370517274200557 0
1686630315581 0.6298832752984329 0
1686630315582 0.6226664332724733 0
1686630315583 0.6156032769724736 0
1686630315584 0.6087256925676142 0
1686630315585 0.6019187666029775 0
1686630315586 0.5944952637598155 0
1686630315587 0.5879365556112703 0
1686630315588 0.5805758976948694 0
1686630315589 0.5742374635143648 0
1686630315590 0.5671390634569107 0
1686630315592 0.5610548759294333 0
1686630315593 0.5543126132807016 0
1686630315594 0.5475846403138744 0
1686630315595 0.5418276077754122 0
1686630315596 0.5353621188855031 0
1686630315597 0.5298198107005455 0
1686630315598 0.5243762320036888 0
1686630315601 0.5191357186990967 0
1686630315606 0.5138919268812847 0
1686630315607 0.5087088081438542 0
1686630315608 0.502815003383122 0
1686630315609 0.49704724765450753 0
1686630315610 0.4920402165529456 0
1686630315611 0.4864652185936434 0
1686630315612 0.48148810373847484 0
1686630315613 0.4768672935738235 0
1686630315614 0.4723299551947113 0
1686630315616 0.46727275027156984 0
1686630315617 0.46297094300613806 0
1686630315618 0.4579121917049533 0
1686630315619 0.45295175172531976 0
1686630315620 0.44860257178833995 0
1686630315621 0.44459844021967193 0
1686630315622 0.43994069564658467 0
1686630315623 0.4358311479085271 0
1686630315624 0.43138284545662914 0
1686630315625 0.42738954763466147 0
1686630315626 0.4229681052477532 0
1686630315627 0.4192689142089591 0
1686630315629 0.4149601775139685 0
1686630315630 0.4114644342681177 0
1686630315631 0.4074173568847275 0
1686630315632 0.40372392142824176 0
1686630315633 0.3996926663497099 0
1686630315634 0.3959298872669008 0
1686630315635 0.3925968559538926 0
1686630315636 0.38930338718007323 0
1686630315637 0.3861364185791635 0
1686630315638 0.38241266905138854 0
1686630315639 0.37878725237062266 0
1686630315641 0.3757170525637521 0
1686630315642 0.3722856401551225 0
1686630315643 0.3689253490493601 0
1686630315644 0.36588395515196626 0
1686630315645 0.3630765118625964 0
1686630315646 0.3598997592210016 0
1686630315647 0.35704254205465136 0
1686630315648 0.35388647176422816 0
1686630315649 0.35077674962937655 0
1686630315650 0.3477142785667085 0
1686630315652 0.3449523739315172 0
1686630315653 0.3424764122476104 0
1686630315654 0.3400091361227441 0
1686630315655 0.3371246657565923 0
1686630315656 0.33433237826282325 0
1686630315657 0.33187629064615676 0
1686630315658 0.3291047418787031 0
1686630315659 0.3264188798869364 0
1686630315660 0.3237836294631047 0
1686630315661 0.32151645513983373 0
1686630315663 0.31892822787841196 0
1686630315664 0.316639811429673 0
1686630315665 0.31442685379097435 0
1686630315676 0.31198981258431313 0
1686630315677 0.31000327126476646 0
1686630315678 0.30761560832735413 0
1686630315679 0.30525959474028597 0
1686630315681 0.3033412146083282 0
1686630315683 0.301442827863043 0
1686630315684 0.29921465516085427 0
1686630315685 0.29703762275701917 0
1686630315686 0.2949177900678978 0
1686630315687 0.2928485951004746 0
1686630315693 0.2910461068179778 0
