1686630378580 0.7615633100488294 0
1686630378581 0.7494130876848492 0
1686630378581 0.7377200882537966 0
1686630378582 0.7261520489512456 0
1686630378583 0.7149343216165884 0
1686630378584 0.7040527358782201 0
1686630378585 0.693206548495429 0
1686630378585 0.6824877115620301 0
1686630378586 0.672299943616438 0
1686630378587 0.6621229338113451 0
1686630378587 0.6521790968266699 0
1686630378588 0.6422339451202899 0
1686630378589 0.6327253818147403 0
1686630378589 0.6233253926035132 0
1686630378590 0.613975085181792 0
1686630378591 0.6049188901451849 0
1686630378592 0.595884930690636 0
1686630378592 0.5870474683924637 0
1686630378593 0.5784474885737605 0
1686630378594 0.569879982990154 0
1686630378594 0.5615358385696055 0
1686630378595 0.5534959118696079 0
1686630378596 0.5454247406875143 0
1686630378597 0.537571735028802 0
1686630378597 0.5298070455862443 0
1686630378598 0.5223036950213666 0
1686630378599 0.5147698109636409 0
1686630378599 0.5074373339820799 0
1686630378600 0.5002694010141019 0
1686630378601 0.49327551883472515 0
1686630378601 0.4864408767190972 0
1686630378602 0.47956643716201947 0
1686630378603 0.4728669583461339 0
1686630378604 0.4662821672506992 0
1686630378604 0.4598429439553689 0
1686630378605 0.45355106230985015 0
1686630378606 0.4473617745460073 0
1686630378606 0.4413203259504064 0
1686630378607 0.43535404219008045 0
1686630378608 0.4295430655765852 0
1686630378608 0.4238582668222548 0
1686630378609 0.41821703759304296 0
1686630378610 0.41268088989174645 0
1686630378611 0.4072344534744944 0
1686630378611 0.4019174715222956 0
1686630378612 0.3967605643732064 0
1686630378613 0.39166291606235604 0
1686630378613 0.3866026438631193 0
1686630378614 0.3817015774524111 0
1686630378615 0.3769305945217001 0
1686630378616 0.3723172379800267 0
1686630378616 0.36762380350348867 0
1686630378617 0.3630272099954457 0
1686630378618 0.3585585946090098 0
1686630378618 0.3541201946714716 0
1686630378619 0.34977584036017434 0
1686630378620 0.34557105802659055 0
1686630378621 0.34141563821394344 0
1686630378621 0.3373308004171114 0
1686630378622 0.3333686380939203 0
1686630378622 0.3294032849797362 0
1686630378623 0.3255355285374013 0
1686630378624 0.32170246531892355 0
1686630378625 0.31793563715069595 0
1686630378625 0.31424550071570023 0
1686630378626 0.31068115854845835 0
1686630378627 0.3071807260492397 0
1686630378628 0.3037233681465537 0
1686630378628 0.30037543673176464 0
1686630378629 0.2970776410773664 0
1686630378630 0.29379908946144023 0
1686630378630 0.2906213489936025 0
1686630378631 0.28754538194726065 0
1686630378632 0.2844116455019551 0
1686630378632 0.2813883300411708 0
1686630378633 0.2784001618848069 0
1686630378634 0.2754515835656611 0
1686630378634 0.2725285385688933 0
1686630378635 0.2696928118219327 0
1686630378636 0.2669101819820808 0
1686630378637 0.26413584341256324 0
1686630378637 0.26144155328568486 0
1686630378638 0.25874869343408796 0
1686630378639 0.25609705870331295 0
1686630378639 0.2535999277918363 0
1686630378640 0.2511570118060048 0
1686630378641 0.24871355901345532 0
1686630378641 0.2462032665951811 0
1686630378642 0.24384003135373075 0
1686630378643 0.24148955969015343 0
1686630378643 0.23919446789876395 0
1686630378644 0.23697199115889042 0
1686630378645 0.23476395929257585 0
1686630378645 0.23252221791386757 0
1686630378646 0.2303835858953079 0
1686630378647 0.22818984246535845 0
1686630378648 0.2261341256017998 0
1686630378648 0.22411785121250322 0
1686630378649 0.2221180826917497 0
1686630378650 0.2200964197354021 0
