1686630469616 0.6607706150249745 0
1686630469617 0.5709780621630186 0
1686630469618 0.4955287494788812 0
1686630469619 0.43341343405130683 0
1686630469621 0.3814924173433612 0
1686630469622 0.33891676612853794 0
1686630469623 0.3037974195697749 0
1686630469625 0.2744093606555484 0
1686630469626 0.25038182577065654 0
1686630469627 0.23042317754571057 0
1686630469629 0.21279631344076452 0
1686630469629 0.19854927849795895 0
1686630469630 0.18673010329691328 0
1686630469631 0.17692437501747588 0
1686630469632 0.16775250496513291 0
1686630469632 0.1608500261905849 0
1686630469633 0.1548380224318152 0
1686630469634 0.1494759346121759 0
1686630469635 0.14511510264516067 0
1686630469635 0.14088006661769356 0
1686630469636 0.13696420341131327 0
1686630469637 0.13386291722927207 0
1686630469638 0.13069109456993974 0
1686630469638 0.12825902059754987 0
1686630469639 0.12618696728614454 0
1686630469640 0.12373997429246661 0
1686630469641 0.12150001116905929 0
1686630469641 0.11994728356573152 0
1686630469642 0.1179203736524891 0
1686630469643 0.11653750811509857 0
1686630469644 0.11538223320078814 0
1686630469644 0.11417238227715389 0
1686630469645 0.1130479954467821 0
1686630469646 0.11215785779195749 0
1686630469647 0.11127741798467133 0
1686630469647 0.11048063063989454 0
1686630469648 0.1097137424882999 0
1686630469649 0.10919141958490171 0
1686630469649 0.1086241640384853 0
1686630469650 0.107825910437646 0
1686630469651 0.10728694289768068 0
1686630469652 0.10689425537608413 0
1686630469652 0.10639976947175689 0
1686630469653 0.10576417632235391 0
1686630469654 0.1051685922430837 0
1686630469655 0.10440928390239254 0
1686630469655 0.10392615117739494 0
1686630469656 0.10365087667640356 0
1686630469657 0.10280675665532664 0
1686630469658 0.1025491911883959 0
1686630469659 0.10214622714156392 0
1686630469660 0.10204365934437591 0
1686630469660 0.10163478705538427 0
1686630469661 0.10155328451124616 0
1686630469662 0.1012398930188993 0
1686630469662 0.10103509640857518 0
1686630469663 0.10085167438300975 0
1686630469664 0.10036119054312682 0
1686630469665 0.10004816238986497 0
1686630469665 0.09969932102651594 0
1686630469666 0.09904109820731634 0
1686630469667 0.09876869705941389 0
1686630469668 0.09820243750202877 0
1686630469668 0.09787296416896298 0
1686630469669 0.09757659767988477 0
1686630469670 0.09752344554035208 0
1686630469670 0.09735043364979742 0
1686630469671 0.09683256923094592 0
1686630469672 0.0963908923176212 0
1686630469673 0.0962132428584113 0
1686630469674 0.09617249610950881 0
1686630469674 0.09558423142311889 0
1686630469675 0.0953553197461792 0
1686630469676 0.09487193922786676 0
1686630469677 0.09469319620443963 0
1686630469678 0.09436501463806715 0
1686630469678 0.09424996681983872 0
1686630469679 0.0938603326742101 0
1686630469680 0.09329444299332687 0
1686630469681 0.09313343238087436 0
1686630469681 0.09282028385837471 0
1686630469682 0.09253835066366857 0
1686630469683 0.09218356910621152 0
1686630469684 0.09172314205075524 0
1686630469684 0.09133765409394401 0
1686630469685 0.09125383988361843 0
1686630469686 0.09110795292784094 0
1686630469687 0.09081564432640238 0
1686630469688 0.0906974806705494 0
1686630469689 0.09018083349883152 0
1686630469689 0.09014981590412195 0
1686630469690 0.08986681199712393 0
1686630469691 0.08981082337759674 0
1686630469692 0.08935008099996375 0
1686630469692 0.08916030704143768 0
1686630469693 0.08887023868370028 0
1686630469694 0.08861969417405333 0
1686630469695 0.08831836469221016 0
1686630469695 0.08816778798018493 0
1686630469696 0.08796302491984853 0
