1686630390799 0.721521865775926 0
1686630390800 0.6778472372702627 0
1686630390801 0.6374796910615055 0
1686630390802 0.6008054331528787 0
1686630390803 0.5683813108830309 0
1686630390803 0.5384992507283283 0
1686630390804 0.5106734948890024 0
1686630390805 0.48530046334039456 0
1686630390805 0.4600301635424665 0
1686630390806 0.43728475334141886 0
1686630390807 0.4152847869098977 0
1686630390807 0.3951281711850736 0
1686630390808 0.37890386360702416 0
1686630390809 0.3637730467706884 0
1686630390810 0.3494207718444613 0
1686630390810 0.3347753035176609 0
1686630390811 0.3233397929750191 0
1686630390812 0.3112289525003752 0
1686630390812 0.30020521579387044 0
1686630390813 0.2909228801833566 0
1686630390814 0.282819131707844 0
1686630390814 0.27370674080686114 0
1686630390815 0.26610955053232616 0
1686630390816 0.25825205623181474 0
1686630390817 0.25109593989406115 0
1686630390817 0.24408401323283496 0
1686630390818 0.23882938809644444 0
1686630390819 0.23382864494690356 0
1686630390819 0.22851622499774984 0
1686630390820 0.22349386701889626 0
1686630390821 0.21872676793705492 0
1686630390822 0.21439892216457915 0
1686630390822 0.21011481617986166 0
1686630390823 0.20631716039846743 0
1686630390824 0.20305487410226186 0
1686630390824 0.19954581142687872 0
1686630390825 0.1963769163281841 0
1686630390826 0.1931871871616739 0
1686630390826 0.1907958469777878 0
1686630390827 0.1881076529951198 0
1686630390828 0.1856069156516174 0
1686630390828 0.18324531403862798 0
1686630390829 0.18105653541680605 0
1686630390830 0.1789014639503138 0
1686630390831 0.17705460403985154 0
1686630390831 0.17524919528828575 0
1686630390832 0.17355568219103854 0
1686630390833 0.1718164824865917 0
1686630390833 0.1704071037056454 0
1686630390834 0.16908211479952898 0
1686630390835 0.1675997222077152 0
1686630390835 0.1662761421866705 0
1686630390836 0.1650880577380442 0
1686630390837 0.16394289926801178 0
1686630390838 0.1628932431387762 0
1686630390838 0.16193871350018335 0
1686630390839 0.16087881986321445 0
1686630390840 0.1598661868318078 0
1686630390840 0.15900389650389476 0
1686630390841 0.15811394569460607 0
1686630390842 0.15730912971035654 0
1686630390842 0.15656988590231738 0
1686630390843 0.15577170346507407 0
1686630390844 0.15506958646953722 0
1686630390845 0.15435882482180152 0
1686630390845 0.15375821754096755 0
1686630390846 0.15307733869172932 0
1686630390847 0.15242375001945457 0
1686630390847 0.1518532958505333 0
1686630390848 0.1513437526863564 0
1686630390849 0.15082833288156838 0
1686630390849 0.15031446871296186 0
1686630390850 0.1497785933137406 0
1686630390851 0.14932067602070834 0
1686630390852 0.14890921292436543 0
1686630390852 0.1485179323126063 0
1686630390853 0.14816561368512104 0
1686630390854 0.1476721594003594 0
1686630390854 0.14717383421525165 0
1686630390855 0.1468719281258792 0
1686630390856 0.1464706162015279 0
1686630390857 0.14614153874116373 0
1686630390858 0.1457393473765095 0
1686630390858 0.1454557314972395 0
1686630390859 0.14518231066376838 0
1686630390860 0.14482107013905954 0
1686630390861 0.14456939316622272 0
1686630390861 0.1442599003727849 0
1686630390862 0.1440032740316475 0
1686630390863 0.1437876344867054 0
1686630390863 0.14356193127219308 0
1686630390864 0.14336098224933186 0
1686630390865 0.14314750067298887 0
1686630390865 0.14285775822448502 0
1686630390866 0.1426987547308251 0
1686630390867 0.14252896025720718 0
1686630390868 0.14222544422942085 0
1686630390868 0.1419319529902212 0
1686630390869 0.14171522319403446 0
1686630390870 0.14157820250726857 0
