1686630358493 0.7619722097948014 0
1686630358494 0.7504968787392704 0
1686630358494 0.7393326423401283 0
1686630358495 0.7281366616816805 0
1686630358496 0.7171343118126169 0
1686630358497 0.7063462312646488 0
1686630358498 0.6958251894082012 0
1686630358498 0.6855212420102451 0
1686630358499 0.6755414982134872 0
1686630358500 0.6656055457325181 0
1686630358500 0.6558170809507161 0
1686630358501 0.6463621452316622 0
1686630358502 0.6369504985484655 0
1686630358502 0.6277724544526249 0
1686630358503 0.618721353456245 0
1686630358504 0.609853853383166 0
1686630358504 0.601179396140888 0
1686630358505 0.5926496037117067 0
1686630358506 0.584334532813645 0
1686630358506 0.5761536986200876 0
1686630358507 0.5680893057918597 0
1686630358508 0.5602214512885263 0
1686630358508 0.5524955915646353 0
1686630358509 0.5449347276484995 0
1686630358510 0.5376187948316787 0
1686630358510 0.5303630263259934 0
1686630358511 0.5232375081989917 0
1686630358512 0.5161370749992024 0
1686630358513 0.5093038620163157 0
1686630358513 0.5024821000019698 0
1686630358514 0.49584783347036393 0
1686630358515 0.48930499523942567 0
1686630358515 0.4829041014268735 0
1686630358516 0.47680564104317286 0
1686630358517 0.47063892124710155 0
1686630358517 0.4646044908290438 0
1686630358518 0.4586824961471014 0
1686630358519 0.45288342994244996 0
1686630358519 0.4472715729021476 0
1686630358520 0.4416393704404698 0
1686630358521 0.43617369167884484 0
1686630358522 0.43078096131330007 0
1686630358522 0.4255080648018501 0
1686630358523 0.42035396788375556 0
1686630358524 0.4152867558205931 0
1686630358524 0.41032753760267404 0
1686630358525 0.4053194315463279 0
1686630358526 0.40042348581402326 0
1686630358526 0.39569938066256344 0
1686630358527 0.39105092319311824 0
1686630358528 0.3865520435780472 0
1686630358528 0.3821924528415094 0
1686630358529 0.37782068179364137 0
1686630358530 0.3735349193985637 0
1686630358531 0.3692408940288292 0
1686630358531 0.3651171984501817 0
1686630358533 0.3610594757604231 0
1686630358534 0.3569815796289684 0
1686630358534 0.3530224851538396 0
1686630358535 0.3492520272952771 0
1686630358536 0.3455035343796798 0
1686630358537 0.3417336741976939 0
1686630358537 0.3379964716074725 0
1686630358538 0.3344625203124563 0
1686630358539 0.3308600816870951 0
1686630358539 0.3273046617315316 0
1686630358540 0.3238629095391503 0
1686630358541 0.32045976150386235 0
1686630358541 0.3171787659084039 0
1686630358542 0.31388117760015893 0
1686630358543 0.31062189117959554 0
1686630358543 0.3074760314519279 0
1686630358544 0.3043371989670333 0
1686630358545 0.30130489485204964 0
1686630358545 0.2983273522116789 0
1686630358546 0.295402264843356 0
1686630358547 0.2925238718906125 0
1686630358547 0.2897083950173336 0
1686630358548 0.2868977563611206 0
1686630358549 0.2841378907376878 0
1686630358549 0.28146819838397064 0
1686630358550 0.27882033753410623 0
1686630358551 0.27617359010859766 0
1686630358552 0.2736390971569042 0
1686630358552 0.27112938529714287 0
1686630358553 0.2686923095201315 0
1686630358554 0.2662839140977684 0
1686630358554 0.26390878438298726 0
1686630358555 0.261633463159095 0
1686630358556 0.2593868663315233 0
1686630358556 0.25709062032753255 0
1686630358557 0.25490224555073 0
1686630358558 0.25274248530020405 0
1686630358558 0.2506867121732765 0
1686630358559 0.24863007679877316 0
1686630358560 0.24652077674346481 0
1686630358560 0.24449379853470687 0
1686630358561 0.24249552928515855 0
1686630358562 0.24056751635000617 0
1686630358563 0.23863449650434193 0
