1686630440072 0.6789712663712169 0
1686630440073 0.5937816947292247 0
1686630440074 0.5294831451089567 0
1686630440075 0.4771097141253833 0
1686630440076 0.43165349504906964 0
1686630440076 0.393080968334112 0
1686630440077 0.3560315183194885 0
1686630440078 0.3266850225816581 0
1686630440079 0.30391677567224473 0
1686630440079 0.2816090281374307 0
1686630440080 0.2649703548695135 0
1686630440081 0.25007222376164134 0
1686630440082 0.23704204972878282 0
1686630440083 0.22622972232783464 0
1686630440083 0.21660293050368276 0
1686630440084 0.20862302083200607 0
1686630440085 0.20097255148230866 0
1686630440085 0.1941146458417688 0
1686630440086 0.18859437629641962 0
1686630440087 0.18365378403968632 0
1686630440088 0.1796567837881942 0
1686630440088 0.1757309253997678 0
1686630440089 0.17207915277662725 0
1686630440090 0.1690396552781187 0
1686630440091 0.16614743468162832 0
1686630440091 0.16343923412162636 0
1686630440092 0.1610775630623849 0
1686630440093 0.15896839072213337 0
1686630440094 0.15709392111263848 0
1686630440094 0.1555641268201921 0
1686630440095 0.15424171470799383 0
1686630440096 0.15314626827237868 0
1686630440096 0.15165550024458618 0
1686630440097 0.1504439014873896 0
1686630440098 0.1490438106809551 0
1686630440099 0.1481721340666821 0
1686630440099 0.14726204211956617 0
1686630440100 0.14652365218939242 0
1686630440101 0.145642690338453 0
1686630440101 0.14489393755665717 0
1686630440102 0.14410849178915244 0
1686630440103 0.1436942855721068 0
1686630440104 0.14311230745571413 0
1686630440105 0.14239559496575366 0
1686630440106 0.14201279833152997 0
1686630440107 0.14162134123807182 0
1686630440108 0.14117345224958136 0
1686630440108 0.14056202933975895 0
1686630440109 0.1401066551919227 0
1686630440110 0.1398664348689753 0
1686630440110 0.13956099591889404 0
1686630440111 0.1391967220520306 0
1686630440112 0.13895467432006314 0
1686630440113 0.13868353446255768 0
1686630440114 0.13847745570670858 0
1686630440115 0.13828569738090107 0
1686630440115 0.13807738002471903 0
1686630440116 0.13765054470150037 0
1686630440117 0.13743257497327066 0
1686630440118 0.1372251090380257 0
1686630440119 0.13707111248416604 0
1686630440120 0.13687876235169535 0
1686630440120 0.13634204904540478 0
1686630440121 0.13623209115866372 0
1686630440122 0.1356536705231866 0
1686630440123 0.13527744337673958 0
1686630440123 0.13514307919217514 0
1686630440124 0.13483756159785437 0
1686630440125 0.13473271103923048 0
1686630440126 0.13450746824151105 0
1686630440127 0.1343584595590958 0
1686630440128 0.13410901207483705 0
1686630440129 0.13334651129691746 0
1686630440130 0.133102949492636 0
1686630440130 0.13303017754172347 0
1686630440131 0.1329240735823783 0
1686630440132 0.13268145991784736 0
1686630440133 0.13256676931419545 0
1686630440133 0.13238457015728414 0
1686630440134 0.13218055199381615 0
1686630440135 0.1317751309528685 0
1686630440136 0.1315799466075061 0
1686630440137 0.13125342559427064 0
1686630440137 0.13099495898738822 0
1686630440138 0.1306638322912475 0
1686630440139 0.13055081727962664 0
1686630440140 0.1303867342193878 0
1686630440140 0.13020378430382024 0
1686630440141 0.13011082136202107 0
1686630440142 0.12990833255837944 0
1686630440143 0.12965543123838488 0
1686630440144 0.1295767718438905 0
1686630440145 0.12948983082574378 0
1686630440145 0.12891251883560725 0
1686630440146 0.12868415909305933 0
1686630440147 0.1285107697547681 0
1686630440147 0.12815831995567645 0
1686630440148 0.12786554588996127 0
1686630440149 0.12766411211414952 0
1686630440150 0.1274597901355656 0
