1686630430207 0.7136988228251759 0
1686630430208 0.659346877045254 0
1686630430209 0.6096115349925874 0
1686630430210 0.5649226278435835 0
1686630430211 0.5242776264723088 0
1686630430211 0.48756857023244426 0
1686630430212 0.45406694263515984 0
1686630430213 0.42324156471516067 0
1686630430213 0.39530609454637633 0
1686630430214 0.3701213288878193 0
1686630430215 0.3474519885844246 0
1686630430215 0.32637253711521563 0
1686630430216 0.3075826460473947 0
1686630430217 0.2902178463632802 0
1686630430218 0.27436691192347124 0
1686630430219 0.260211174203052 0
1686630430221 0.24724742162950433 0
1686630430222 0.2352968310681677 0
1686630430222 0.22452581895888732 0
1686630430223 0.2149013992146052 0
1686630430224 0.20570529882021002 0
1686630430225 0.1974296063815061 0
1686630430225 0.1898466007097089 0
1686630430226 0.18297780280150716 0
1686630430227 0.17627744777220872 0
1686630430228 0.17023476358483938 0
1686630430228 0.16478129060986302 0
1686630430229 0.15961383488505265 0
1686630430230 0.15501840406803835 0
1686630430230 0.15086689139262405 0
1686630430231 0.1470361444948245 0
1686630430232 0.14338812339032114 0
1686630430233 0.14003222745647895 0
1686630430233 0.13703211030013965 0
1686630430234 0.13412065850423494 0
1686630430235 0.1311644569999307 0
1686630430236 0.12871603747032073 0
1686630430236 0.12634268968100906 0
1686630430237 0.12388397145500459 0
1686630430238 0.12192044785037023 0
1686630430239 0.12005928881199726 0
1686630430239 0.11837450217914981 0
1686630430240 0.11681280136858607 0
1686630430241 0.11535766315805249 0
1686630430241 0.11399025288238235 0
1686630430242 0.11247387666377581 0
1686630430243 0.11125477366158865 0
1686630430244 0.11012440480532516 0
1686630430245 0.10880525297875339 0
1686630430245 0.1078514861580636 0
1686630430246 0.10692538664955241 0
1686630430247 0.10593413668774163 0
1686630430248 0.10509371006346158 0
1686630430248 0.10424213104579816 0
1686630430249 0.10306489431661084 0
1686630430250 0.10214023267001911 0
1686630430250 0.10151450262549323 0
1686630430251 0.10069375777402781 0
1686630430252 0.10004951280400984 0
1686630430253 0.09931161150941029 0
1686630430253 0.09849999875282803 0
1686630430254 0.09770593925805683 0
1686630430255 0.09710121238068553 0
1686630430256 0.0965481244584626 0
1686630430257 0.09581934340091748 0
1686630430258 0.09529714000755082 0
1686630430258 0.09465697371479506 0
1686630430259 0.09418155778864168 0
1686630430260 0.09366122539233847 0
1686630430260 0.09325485036841134 0
1686630430261 0.09265758566984734 0
1686630430262 0.09226419594084764 0
1686630430263 0.09185734473325968 0
1686630430264 0.09141361192138452 0
1686630430264 0.09088769523932831 0
1686630430265 0.0904956720839741 0
1686630430266 0.09022502547672877 0
1686630430267 0.08968096804122065 0
1686630430267 0.08927694560109369 0
1686630430268 0.08897396270501713 0
1686630430269 0.08851658299328406 0
1686630430269 0.08824388649778804 0
1686630430270 0.08784655942181428 0
1686630430271 0.08759353375129572 0
1686630430272 0.08726568308338087 0
1686630430272 0.08703199520147012 0
1686630430273 0.08672538868804208 0
1686630430274 0.08639652861472505 0
1686630430275 0.08604986591708934 0
1686630430275 0.08571736352636593 0
1686630430276 0.08539981061099751 0
1686630430277 0.0850779531621947 0
1686630430278 0.08467784866671546 0
1686630430278 0.08427245801901141 0
1686630430279 0.08388293089724762 0
1686630430280 0.08356077010711269 0
1686630430281 0.08323277718850457 0
1686630430282 0.08289164679447704 0
1686630430282 0.08266597435462252 0
1686630430283 0.08244689611373329 0
