1686630426859 0.7138167164935884 0
1686630426860 0.6595445718957164 0
1686630426861 0.6099919261063816 0
1686630426861 0.5647445920127061 0
1686630426862 0.5236978979969441 0
1686630426863 0.48663647687157585 0
1686630426864 0.45288518406696454 0
1686630426864 0.4220817382584141 0
1686630426865 0.3944774373443324 0
1686630426866 0.3697603375654793 0
1686630426867 0.34696882119841277 0
1686630426867 0.32642709930562175 0
1686630426868 0.3075193873757037 0
1686630426869 0.2904357336018311 0
1686630426870 0.27454609875319264 0
1686630426870 0.26028536399001406 0
1686630426871 0.24754706720012806 0
1686630426872 0.23566339372808384 0
1686630426872 0.22491525434490606 0
1686630426873 0.2150120100807522 0
1686630426874 0.20596063345785032 0
1686630426875 0.1975730538939077 0
1686630426875 0.18945220936177487 0
1686630426876 0.1826357421409923 0
1686630426877 0.17648903176815225 0
1686630426878 0.170308365614978 0
1686630426878 0.16488979705767362 0
1686630426879 0.15995254501144826 0
1686630426880 0.15521725659472088 0
1686630426881 0.15093802441197715 0
1686630426881 0.1467901251767974 0
1686630426882 0.14309655070599225 0
1686630426883 0.13964060292526745 0
1686630426884 0.13647496521466562 0
1686630426884 0.13371319239704607 0
1686630426885 0.13109899964814692 0
1686630426886 0.12850285688047194 0
1686630426886 0.12613546371890652 0
1686630426887 0.12406575890128635 0
1686630426888 0.12177462751618162 0
1686630426889 0.11995335827590999 0
1686630426889 0.11809582719511999 0
1686630426890 0.11651890024774458 0
1686630426891 0.11483703002913741 0
1686630426892 0.11335309389343487 0
1686630426892 0.11189240343692614 0
1686630426893 0.11044127577099927 0
1686630426894 0.1092061779880675 0
1686630426894 0.10806352473602425 0
1686630426895 0.10702236538349845 0
1686630426896 0.10589143918562001 0
1686630426897 0.10495898603178598 0
1686630426897 0.10414398690195574 0
1686630426898 0.10309524010202561 0
1686630426899 0.10228568002186844 0
1686630426900 0.10146316193119459 0
1686630426900 0.10065427572013913 0
1686630426901 0.09992419742738448 0
1686630426902 0.09906014007509613 0
1686630426903 0.09842883534536524 0
1686630426903 0.09773875910211953 0
1686630426904 0.09698696490720382 0
1686630426905 0.09637174925831776 0
1686630426906 0.09568386962897232 0
1686630426907 0.09511026054537482 0
1686630426908 0.09443170759751253 0
1686630426909 0.09393899151088504 0
1686630426909 0.09347532567717075 0
1686630426910 0.09281521774226664 0
1686630426911 0.09221138595741844 0
1686630426911 0.09172714125345482 0
1686630426912 0.09138604273873102 0
1686630426913 0.09086680152542709 0
1686630426914 0.09022933912234808 0
1686630426914 0.08981120487571076 0
1686630426915 0.08931165201934058 0
1686630426916 0.08888430499398468 0
1686630426917 0.08843025447463682 0
1686630426917 0.08802549967538163 0
1686630426918 0.08765980763284868 0
1686630426919 0.08738120832758568 0
1686630426920 0.08695435013486794 0
1686630426920 0.08647642234172513 0
1686630426921 0.08602311931703754 0
1686630426922 0.08556084843239994 0
1686630426923 0.08519286069887133 0
1686630426923 0.08488804332008827 0
1686630426924 0.08441779158729515 0
1686630426925 0.0841342376229348 0
1686630426925 0.08377982320485187 0
1686630426926 0.08339592568440563 0
1686630426927 0.08309732351747588 0
1686630426928 0.08278659103254833 0
1686630426929 0.08253310585233797 0
1686630426929 0.08227737027447644 0
1686630426930 0.08187036912439692 0
1686630426931 0.08159420204466676 0
1686630426932 0.08132247711485151 0
1686630426933 0.08110249326320898 0
1686630426934 0.08088998222910118 0
