1686630466347 0.6604941220620527 0
1686630466348 0.5680116949705505 0
1686630466349 0.4932368185882749 0
1686630466350 0.43169816378976417 0
1686630466350 0.3808177396132753 0
1686630466351 0.3384610496573519 0
1686630466352 0.30420592126865126 0
1686630466353 0.2755236796121203 0
1686630466353 0.25154413452111346 0
1686630466354 0.23135700485838745 0
1686630466355 0.2143461826880633 0
1686630466356 0.1999470248743911 0
1686630466356 0.1875488683458099 0
1686630466357 0.177115091334961 0
1686630466358 0.16872250122527277 0
1686630466359 0.161844626849807 0
1686630466360 0.1559244019675131 0
1686630466360 0.1504564145812884 0
1686630466361 0.14585009456253767 0
1686630466362 0.14126943197814054 0
1686630466362 0.1376784510714292 0
1686630466363 0.13423664225658372 0
1686630466364 0.13117105281236127 0
1686630466365 0.12884746260874513 0
1686630466366 0.12642565892362984 0
1686630466366 0.12407863864728547 0
1686630466367 0.12224173318358889 0
1686630466368 0.12038934847246037 0
1686630466369 0.11905846374766105 0
1686630466369 0.1176519230039603 0
1686630466370 0.11609610397383915 0
1686630466371 0.11498726353548999 0
1686630466372 0.11375454643626554 0
1686630466373 0.11272400600352417 0
1686630466373 0.11182436062364802 0
1686630466374 0.11099025678132737 0
1686630466375 0.11044517141474396 0
1686630466376 0.10975594514472034 0
1686630466376 0.10898514275943445 0
1686630466377 0.10812813070767391 0
1686630466378 0.10763083592467299 0
1686630466378 0.10690634100783031 0
1686630466379 0.10617353104387624 0
1686630466380 0.10565360260194766 0
1686630466381 0.1050890396551854 0
1686630466381 0.10445394361787255 0
1686630466382 0.10426879020774114 0
1686630466383 0.10360026997356653 0
1686630466384 0.10325716391301029 0
1686630466384 0.10291442671894564 0
1686630466385 0.10228281047444607 0
1686630466386 0.10207896839132742 0
1686630466387 0.1016957226010151 0
1686630466387 0.10108226376153993 0
1686630466388 0.10095810493597489 0
1686630466389 0.10070615140608159 0
1686630466390 0.1000619396675433 0
1686630466390 0.0996065541375401 0
1686630466391 0.09954120650590899 0
1686630466392 0.09947663650363879 0
1686630466393 0.09931654687267225 0
1686630466393 0.09922522928687849 0
1686630466394 0.0991747378649975 0
1686630466395 0.09881086037893194 0
1686630466396 0.09848348387220872 0
1686630466396 0.09840364570002876 0
1686630466397 0.09813159681478 0
1686630466398 0.09807648550312116 0
1686630466399 0.09769551961680228 0
1686630466399 0.09738856502233059 0
1686630466400 0.09698588098306804 0
1686630466401 0.09659673113368324 0
1686630466402 0.09655495127841686 0
1686630466403 0.0962268559500814 0
1686630466403 0.09590886299224553 0
1686630466405 0.09576139508430521 0
1686630466406 0.09528976596807166 0
1686630466407 0.09464556352868518 0
1686630466409 0.09438234619231103 0
1686630466409 0.09362057591523883 0
1686630466410 0.09317754590242268 0
1686630466411 0.0928923447068673 0
1686630466412 0.09251297230617818 0
1686630466412 0.09217567957939206 0
1686630466413 0.09212585362701896 0
1686630466414 0.09161529956780967 0
1686630466415 0.09136374510960091 0
1686630466416 0.09076615873389103 0
1686630466419 0.09026301909630283 0
1686630466420 0.0900956546746879 0
1686630466421 0.09006584373290781 0
1686630466421 0.08956954098641495 0
1686630466422 0.08952802836155697 0
1686630466423 0.0892805764418384 0
1686630466424 0.08898868005581502 0
1686630466425 0.08896925564263573 0
1686630466425 0.0886638748953729 0
1686630466426 0.08856027551996674 0
1686630466427 0.08826245261920218 0
1686630466428 0.08787590222022525 0
