1686630361857 0.7620724110387064 0
1686630361858 0.7504507694141687 0
1686630361859 0.7390863860232986 0
1686630361860 0.7281567997775573 0
1686630361861 0.7172074223015487 0
1686630361861 0.7065471261700824 0
1686630361862 0.6960075575242728 0
1686630361863 0.6858228281746782 0
1686630361863 0.6757196321435995 0
1686630361864 0.6659242822433235 0
1686630361865 0.6561778607488379 0
1686630361866 0.6466260255920557 0
1686630361866 0.6372225112541775 0
1686630361867 0.6281025539448329 0
1686630361868 0.6191074241207467 0
1686630361869 0.6103694665109108 0
1686630361869 0.6018490021911116 0
1686630361870 0.5933410188904613 0
1686630361871 0.5851994680536454 0
1686630361872 0.5771364094495447 0
1686630361872 0.5691670388934157 0
1686630361873 0.5612589094059205 0
1686630361874 0.5535469357357923 0
1686630361874 0.5459627625995326 0
1686630361875 0.5384261945539106 0
1686630361876 0.5309819410177403 0
1686630361876 0.5237724226584111 0
1686630361877 0.5167578991356184 0
1686630361878 0.5098858282072065 0
1686630361878 0.5033449472151014 0
1686630361879 0.496663674019458 0
1686630361880 0.4901522309446822 0
1686630361881 0.4837236454224968 0
1686630361881 0.4773892508601996 0
1686630361882 0.47113662002630663 0
1686630361883 0.46513733879922853 0
1686630361883 0.4592517305722941 0
1686630361884 0.45354513220066717 0
1686630361885 0.44798005060150115 0
1686630361885 0.4423758368138077 0
1686630361886 0.436768754165007 0
1686630361887 0.43134084432097614 0
1686630361887 0.42592272272417586 0
1686630361888 0.4205914282116008 0
1686630361889 0.4154910040911334 0
1686630361889 0.4103184322164775 0
1686630361890 0.40534261751881234 0
1686630361891 0.40050590253146423 0
1686630361892 0.39572977030982426 0
1686630361892 0.39099236305998886 0
1686630361893 0.3863858555965635 0
1686630361894 0.3818917804307418 0
1686630361894 0.37751062062407115 0
1686630361895 0.3732337067452009 0
1686630361896 0.3689393883706925 0
1686630361896 0.36486692354976524 0
1686630361897 0.36077519233462785 0
1686630361898 0.35673564085610654 0
1686630361898 0.35279951473006615 0
1686630361899 0.34894676488198256 0
1686630361900 0.3450876143096876 0
1686630361900 0.3413340713857833 0
1686630361901 0.33764040438500365 0
1686630361902 0.33402152075111263 0
1686630361903 0.33049174374266543 0
1686630361904 0.32695107680493823 0
1686630361904 0.32360053104308095 0
1686630361905 0.320310400429646 0
1686630361906 0.3170379853195529 0
1686630361906 0.3137092244830901 0
1686630361907 0.31049637015204523 0
1686630361908 0.30742950932335267 0
1686630361908 0.3043950151130383 0
1686630361909 0.3013852493024859 0
1686630361910 0.29844909555039695 0
1686630361911 0.2955390360420292 0
1686630361911 0.29264087905851605 0
1686630361912 0.2898055616108483 0
1686630361913 0.2870817923413798 0
1686630361913 0.2843555335692587 0
1686630361914 0.2816146457151413 0
1686630361915 0.2789476778456621 0
1686630361915 0.27631913715480566 0
1686630361916 0.2737763722444026 0
1686630361917 0.2713023493421524 0
1686630361917 0.26880899920410267 0
1686630361918 0.26641829548343643 0
1686630361919 0.26402747651062225 0
1686630361920 0.2616246488928443 0
1686630361920 0.2592685929561487 0
1686630361921 0.25700796238082935 0
1686630361922 0.2547766632737947 0
1686630361922 0.25263264057194956 0
1686630361923 0.2505497766224943 0
1686630361924 0.24850035963771822 0
1686630361924 0.24640760948268015 0
1686630361926 0.24443320083667427 0
1686630361927 0.24239316930990923 0
1686630361927 0.24042351231950534 0
1686630361928 0.2385388681301567 0
