1686630452903 0.6691011769525519 0
1686630452904 0.5797636307261901 0
1686630452905 0.511447090940839 0
1686630452906 0.4531109158698601 0
1686630452906 0.40302614594405417 0
1686630452907 0.36242922279825246 0
1686630452908 0.32781046446776413 0
1686630452909 0.2984195882122731 0
1686630452909 0.27531793414585937 0
1686630452910 0.25468932689291435 0
1686630452911 0.23742082917015156 0
1686630452913 0.22362551878976672 0
1686630452914 0.21112006287410323 0
1686630452915 0.20061323367882686 0
1686630452916 0.19128052914331023 0
1686630452917 0.1838555874247546 0
1686630452918 0.17724202744189738 0
1686630452918 0.17165940781650418 0
1686630452919 0.16641478028274856 0
1686630452920 0.1621460464498321 0
1686630452921 0.15809894655354567 0
1686630452921 0.1546621646952272 0
1686630452922 0.151317850172297 0
1686630452923 0.1486619682868447 0
1686630452924 0.14611161369214049 0
1686630452924 0.14395026598897218 0
1686630452925 0.14224956228935964 0
1686630452926 0.14077378993159922 0
1686630452927 0.13909999467206036 0
1686630452927 0.13787164049134276 0
1686630452928 0.13647126846256113 0
1686630452929 0.1348084295319163 0
1686630452930 0.13377299133448695 0
1686630452930 0.13282537375206338 0
1686630452931 0.13201562170113443 0
1686630452932 0.130996318998352 0
1686630452933 0.1301432646178487 0
1686630452934 0.12957748507753633 0
1686630452934 0.1289801050160678 0
1686630452935 0.12826563757927986 0
1686630452936 0.12756978415138326 0
1686630452937 0.12708394552540256 0
1686630452937 0.12664858559586656 0
1686630452938 0.12605049068553675 0
1686630452939 0.12544477129978857 0
1686630452940 0.12478708777669206 0
1686630452940 0.12442501570706391 0
1686630452941 0.12399392802038678 0
1686630452942 0.12377089149504468 0
1686630452943 0.12324990545910929 0
1686630452943 0.1226098380729273 0
1686630452944 0.12219589551746123 0
1686630452945 0.1217520355017848 0
1686630452946 0.12154473177415713 0
1686630452946 0.12137635352940912 0
1686630452947 0.12094830797683409 0
1686630452948 0.12055631869352379 0
1686630452949 0.12034769786984229 0
1686630452949 0.11997645444773461 0
1686630452950 0.11984250679139236 0
1686630452951 0.11966812227311369 0
1686630452952 0.11923555975862817 0
1686630452952 0.11881114990871086 0
1686630452953 0.1186992484357785 0
1686630452954 0.11838188393183077 0
1686630452954 0.11829612578677239 0
1686630452955 0.11788862632925205 0
1686630452956 0.1177412544894024 0
1686630452957 0.1169934212038956 0
1686630452958 0.11693192552693984 0
1686630452958 0.11686588641791301 0
1686630452959 0.1165151689675773 0
1686630452960 0.11619534602147095 0
1686630452961 0.11568854839524637 0
1686630452961 0.11537933026871339 0
1686630452962 0.11531948295840139 0
1686630452963 0.11499690273703994 0
1686630452963 0.11477517969949154 0
1686630452964 0.1147237916474279 0
1686630452965 0.11461180993677951 0
1686630452966 0.11420261796222278 0
1686630452966 0.11415099114503928 0
1686630452967 0.11379373576136867 0
1686630452968 0.113478924183055 0
1686630452969 0.11320226550287384 0
1686630452970 0.11291196250919074 0
1686630452970 0.11258618603455037 0
1686630452971 0.11242640596134182 0
1686630452972 0.1122363341516397 0
1686630452973 0.11140079510671479 0
1686630452974 0.11136150519032274 0
1686630452975 0.11118217179235296 0
1686630452975 0.11104996241147193 0
1686630452976 0.11093803821785149 0
1686630452977 0.11089894115282384 0
1686630452978 0.11069957058655094 0
1686630452978 0.11038924596227541 0
1686630452979 0.11010903882267506 0
1686630452980 0.10968661780470568 0
1686630452981 0.10947315924646217 0
