1686630372023 0.7613757926024981 0
1686630372024 0.7492662300274847 0
1686630372025 0.7374376759293817 0
1686630372026 0.7258326516852305 0
1686630372026 0.7144068266805746 0
1686630372027 0.7031334732775898 0
1686630372028 0.6921711832666915 0
1686630372028 0.6813604084294741 0
1686630372029 0.670742083122422 0
1686630372030 0.6604170066469863 0
1686630372031 0.650235785406102 0
1686630372031 0.6402908246979405 0
1686630372032 0.6304960461613001 0
1686630372033 0.6208900309396527 0
1686630372033 0.6114952198985418 0
1686630372034 0.6022657704643702 0
1686630372035 0.5932217515404657 0
1686630372035 0.5843915107965485 0
1686630372036 0.5757112975953005 0
1686630372037 0.5671829052015689 0
1686630372038 0.5588321330021905 0
1686630372038 0.5506578023519964 0
1686630372039 0.5425876847512251 0
1686630372040 0.5346837304258192 0
1686630372040 0.5269438801564378 0
1686630372041 0.5193509900401884 0
1686630372042 0.5118937147091398 0
1686630372042 0.5045268682719545 0
1686630372043 0.4972820953010887 0
1686630372044 0.4902236032207377 0
1686630372045 0.4832728188710869 0
1686630372045 0.4765407135249113 0
1686630372046 0.4699226517956276 0
1686630372047 0.46332465794716954 0
1686630372047 0.4569856699126496 0
1686630372048 0.4506768890546999 0
1686630372049 0.4445262119952894 0
1686630372050 0.4385408113656464 0
1686630372050 0.43260487099361816 0
1686630372051 0.4267439528836868 0
1686630372052 0.4210319338437235 0
1686630372052 0.4154491057638256 0
1686630372053 0.40995888541252096 0
1686630372054 0.40460080330783676 0
1686630372055 0.399320330029711 0
1686630372055 0.39414890213317044 0
1686630372056 0.3890102027774418 0
1686630372057 0.3840119312421462 0
1686630372058 0.37914071769591656 0
1686630372058 0.37432418242330845 0
1686630372059 0.3696285878548679 0
1686630372060 0.3650523576104927 0
1686630372061 0.36056792475296245 0
1686630372061 0.35601787021760617 0
1686630372062 0.3517121509964554 0
1686630372063 0.3474535262062668 0
1686630372063 0.34316676569225396 0
1686630372064 0.33900999214390304 0
1686630372065 0.33495001116724055 0
1686630372065 0.3309878227662798 0
1686630372066 0.32708695520355546 0
1686630372067 0.3231927631281518 0
1686630372068 0.3193770893911806 0
1686630372068 0.3157012774275085 0
1686630372069 0.31206139994041254 0
1686630372070 0.3085491328332228 0
1686630372070 0.305059421798497 0
1686630372071 0.30165069339632744 0
1686630372072 0.2982823086750213 0
1686630372072 0.29502936935829405 0
1686630372073 0.29181517795735257 0
1686630372074 0.288623024325385 0
1686630372074 0.2855149568481048 0
1686630372075 0.28247707547982553 0
1686630372076 0.2794619037581209 0
1686630372077 0.2765225836797231 0
1686630372077 0.2736366237766549 0
1686630372078 0.27075808301161597 0
1686630372079 0.2679249306274307 0
1686630372079 0.2651087041882786 0
1686630372080 0.2623907244163652 0
1686630372081 0.2597475583893921 0
1686630372081 0.2571862857023046 0
1686630372082 0.2546032910194296 0
1686630372083 0.25211353311950707 0
1686630372083 0.24963108335709702 0
1686630372084 0.24712817168048018 0
1686630372085 0.2447600043030895 0
1686630372086 0.24246990828369594 0
1686630372086 0.24021554569068662 0
1686630372087 0.23794770668229315 0
1686630372088 0.23577420873217642 0
1686630372088 0.23357548974825165 0
1686630372089 0.23138698399316673 0
1686630372090 0.22919207432911523 0
1686630372090 0.22707724804462817 0
1686630372091 0.22498232443174407 0
1686630372092 0.2230109465613444 0
1686630372092 0.2210801613746304 0
1686630372093 0.21909240022584203 0
